           1     -7.5775     -7.5775           0
           2    -7.53857    -7.55804   0.0194664
           3    -7.54096    -7.55234   0.0125986
           4    -7.53911    -7.54903  0.00950317
           5    -7.54859    -7.54895  0.00736166
           6    -7.54704    -7.54863  0.00601914
           7    -7.54527    -7.54815  0.00510962
           8    -7.56103    -7.54976  0.00470902
           9    -7.57325    -7.55237  0.00490509
          10    -7.53673    -7.55081  0.00465776
          11     -7.5556    -7.55124  0.00423558
          12    -7.54128    -7.55041  0.00395461
          13    -7.56059     -7.5512  0.00372108
          14    -7.54001     -7.5504  0.00353646
          15    -7.55429    -7.55066  0.00330248
          16    -7.53793    -7.54986     0.00319
          17    -7.53771    -7.54915  0.00308057
          18      -7.546    -7.54897  0.00290963
          19    -7.56602    -7.54987  0.00289481
          20    -7.55607    -7.55018  0.00276371
          21    -7.55138    -7.55024  0.00262943
          22    -7.55713    -7.55055  0.00252657
          23    -7.55592    -7.55078  0.00242549
          24    -7.55623    -7.55101  0.00233329
          25    -7.54155    -7.55063  0.00226976
          26    -7.53565    -7.55005  0.00225551
          27    -7.54294    -7.54979   0.0021863
          28    -7.55017     -7.5498  0.00210682
          29    -7.53799     -7.5494  0.00207332
          30     -7.5667    -7.54997  0.00208445
          31    -7.55374     -7.5501  0.00201974
          32    -7.56723    -7.55063  0.00202761
          33    -7.55274    -7.55069  0.00196624
          34    -7.54349    -7.55048  0.00191928
          35    -7.54021    -7.55019  0.00188661
          36    -7.54045    -7.54992  0.00185329
          37    -7.55854    -7.55015  0.00181751
          38    -7.52077    -7.54938  0.00193067
          39    -7.56443    -7.54976  0.00191973
          40    -7.54399    -7.54962  0.00187669
          41    -7.54835    -7.54959  0.00183061
          42     -7.5491    -7.54958  0.00178653
          43    -7.52228    -7.54894  0.00185637
          44    -7.54696     -7.5489  0.00181425
          45    -7.55947    -7.54913  0.00178896
          46    -7.55226     -7.5492  0.00175095
          47    -7.54726    -7.54916  0.00171379
          48    -7.53681     -7.5489  0.00169731
          49     -7.5529    -7.54898  0.00166431
          50    -7.52642    -7.54853  0.00169199
