           1     7.42447     7.42447           0
           2     7.63668     7.53058    0.106108
           3     7.62642     7.56252   0.0690918
           4     7.63411     7.58042   0.0520296
           5     7.57984      7.5803   0.0403022
           6     7.58966     7.58186   0.0329435
           7     7.60346     7.58495   0.0280128
           8     7.51306     7.57596   0.0258705
           9     7.44739     7.56168   0.0269193
          10     7.64713     7.57022   0.0255488
          11     7.54257     7.56771   0.0232461
          12     7.61808      7.5719   0.0216319
          13     7.51511     7.56754   0.0203724
          14      7.6322     7.57215   0.0194184
          15     7.55765     7.57119   0.0181034
          16     7.64261     7.57565   0.0175126
          17     7.64497     7.57973   0.0169481
          18     7.59543      7.5806   0.0160026
          19     7.48199     7.57541   0.0160019
          20     7.54446     7.57386   0.0152595
          21     7.56825      7.5736   0.0145171
          22      7.5274      7.5715   0.0139999
          23     7.54692     7.57043   0.0134199
          24     7.53453     7.56893   0.0129354
          25     7.61602     7.57082   0.0125493
          26     7.65252     7.57396   0.0124598
          27     7.61494     7.57548   0.0120851
          28     7.58082     7.57567   0.0116471
          29     7.63402     7.57768    0.011417
          30      7.4833     7.57453   0.0114698
          31     7.54823     7.57368    0.011126
          32     7.47932     7.57074   0.0111691
          33     7.55766     7.57034   0.0108326
          34      7.6098      7.5715    0.010573
          35     7.62899     7.57314   0.0103971
          36     7.62569      7.5746    0.010209
          37     7.52587     7.57329   0.0100163
          38     7.73863     7.57764   0.0106761
          39      7.4944      7.5755   0.0106154
          40     7.60985     7.57636   0.0103822
          41     7.58321     7.57653   0.0101272
          42     7.58365      7.5767   0.0098846
          43     7.73154      7.5803   0.0103018
          44     7.59411     7.58061   0.0100699
          45     7.52263     7.57932  0.00992752
          46     7.55873     7.57888  0.00971962
          47     7.59198     7.57916  0.00951466
          48     7.65027     7.58064  0.00943142
          49     7.55747     7.58016  0.00924902
          50     7.70703      7.5827  0.00941067
