          50   0.0115332           0           0
          50   0.0345996           0           0
          50   0.0576661           0           0
          50   0.0807325           0           0
          50    0.103799           0           0
          50    0.126865           0           0
          50    0.149932           0           0
          50    0.172998           0           0
          50    0.196065           0           0
          50    0.219131           0           0
          50    0.242198           0           0
          50    0.265264           0           0
          50     0.28833           0           0
          50    0.311397           0           0
          50    0.334463           0           0
          50     0.35753           0           0
          50    0.380596           0           0
          50    0.403663           0           0
          50    0.426729           0           0
          50    0.449795           0           0
          50    0.472862           0           0
          50    0.495928           0           0
          50    0.518995           0           0
          50    0.542061           0           0
          50    0.565128           0           0
          50    0.588194           0           0
          50     0.61126           0           0
          50    0.634327           0           0
          50    0.657393           0           0
          50     0.68046           0           0
          50    0.703526           0           0
          50    0.726593           0           0
          50    0.749659           0           0
          50    0.772725           0           0
          50    0.795792           0           0
          50    0.818858           0           0
          50    0.841925           0           0
          50    0.864991           0           0
          50    0.888058 7.51133e-05 1.58137e-05
          50    0.911124  0.00338743 0.000107196
          50     0.93419   0.0469731  0.00044952
          50    0.957257    0.292526  0.00124962
          50    0.980323     1.00359  0.00312601
          50     1.00339     2.23654  0.00376925
          50     1.02646     3.62384  0.00299131
          50     1.04952     4.62813  0.00357115
          50     1.07259     4.89709  0.00467062
          50     1.09566     4.48789  0.00538038
          50     1.11872     3.66215  0.00376693
          50     1.14179     2.69843  0.00265755
          50     1.16485     1.81812  0.00178574
          50     1.18792     1.13114  0.00183422
          50     1.21099    0.653287  0.00173086
          50     1.23405    0.351755  0.00151563
          50     1.25712    0.177919   0.0010903
          50     1.28019   0.0870476   0.0008232
          50     1.30325   0.0483392 0.000661902
          50     1.32632   0.0414627 0.000576031
          50     1.34939    0.059988 0.000636941
          50     1.37245    0.105491 0.000727094
          50     1.39552     0.18347 0.000879698
          50     1.41859    0.301073 0.000898969
          50     1.44165    0.453304 0.000819849
          50     1.46472    0.628159 0.000884527
          50     1.48778    0.798907  0.00107788
          50     1.51085    0.922887  0.00167623
          50     1.53392    0.969596  0.00181494
          50     1.55698    0.928587  0.00160519
          50     1.58005    0.810707  0.00126101
          50     1.60312     0.64212  0.00107917
          50     1.62618    0.465076 0.000789854
          50     1.64925    0.315778 0.000925294
          50     1.67232    0.218819  0.00104254
          50     1.69538     0.19046  0.00129963
          50     1.71845    0.254086   0.0013885
          50     1.74152    0.431443   0.0016997
          50     1.76458    0.746834  0.00183185
          50     1.78765     1.19797   0.0018616
          50     1.81071     1.72975  0.00115256
          50     1.83378     2.23699  0.00173624
          50     1.85685      2.6006  0.00301624
          50     1.87991     2.71555  0.00356457
          50     1.90298     2.55822   0.0032551
          50     1.92605     2.18383  0.00233348
          50     1.94911     1.68998  0.00125636
          50     1.97218     1.19814  0.00110295
          50     1.99525    0.800962  0.00168403
          50     2.01831    0.540728  0.00202352
          50     2.04138    0.431883  0.00188609
          50     2.06445     0.45973  0.00165611
          50     2.08751    0.585455   0.0012286
          50     2.11058    0.757646 0.000775623
          50     2.13364    0.918977  0.00103475
          50     2.15671     1.01613  0.00138595
          50     2.17978     1.02401  0.00134061
          50     2.20284    0.921018   0.0010654
          50     2.22591    0.781734 0.000862875
          50     2.24898    0.652755  0.00108582
          50     2.27204    0.570154  0.00145827
          50     2.29511    0.571823  0.00176924
