1.09405
1.08845
1.08586
1.08831
1.09633
1.10838
1.12151
1.1328
1.14038
1.14364
1.14277
1.13841
1.13138
1.12264
1.11312
1.10347
1.09388
1.08428
1.07469
1.06576
1.05879
1.05551
1.05746
1.06535
1.07859
1.09552
1.11389
1.13155
1.14675
1.1582
1.16486
1.16591
1.16096
1.1504
1.13549
1.11809
1.10023
1.08373
1.06982
1.05898
1.05095
1.04484
1.03948
1.03397
1.02806
1.0221
1.01669
1.01223
1.00897
1.00733
1.00805
1.01174
1.01815
1.02592
1.03335
1.03949
1.04464
1.05002
1.05699
1.06632
1.07781
1.09041
1.10265
1.11329
1.12187
1.12866
1.13411
1.1381
1.1397
1.13788
1.13222
1.12334
1.11255
1.10112
1.09003
1.08017
1.07262
1.06823
1.06733
1.06986
1.07569
1.08473
1.09653
1.11002
1.12347
1.13499
1.14303
1.14677
1.14621
1.14211
1.13599
1.12984
1.12548
1.12383
1.12438
1.12546
1.12506
1.12191
1.11605
1.10866
1.10134
1.09511
1.08958
1.08312
1.0736
1.05977
1.04215
1.023
1.00519
0.990918
0.981603
0.978411
0.982382
0.993802
1.01172
1.03421
1.0589
1.08355
1.10627
1.12567
1.14085
1.15136
1.15712
1.1582
1.15474
1.14696
1.13547
1.12178
1.10844
1.09827
1.09289
1.09179
1.09288
1.09354
1.09146
1.08543
1.07571
1.06404
1.05272
1.04318
1.03541
1.02868
1.02255
1.01742
1.0144
1.01477
1.01918
1.02699
1.03621
1.04421
1.04868
1.04843
1.04379
1.0368
1.03078
1.02917
1.03423
1.04647
1.06511
1.08848
1.11368
1.13691
1.1547
1.1651
1.1678
1.16352
1.15346
1.13885
1.12107
1.10194
1.08398
1.07036
1.06411
1.06718
1.07964
1.09957
1.12376
1.14842
1.16999
1.18557
1.19333
1.19275
1.1847
1.17124
1.15489
1.13779
1.12109
1.10508
1.08976
1.07531
1.06223
1.05087
1.04105
1.03246
1.0255
1.02172
1.02269
1.02824
1.03636
1.04469
1.05197
1.05799
1.06308
1.06758
1.07175
1.07578
1.07989
1.08424
1.08889
1.0937
1.09838
1.10249
1.10552
1.10709
1.10706
1.10563
1.10316
1.09997
1.09621
1.09186
1.08669
1.08039
1.07268
1.06358
1.05349
1.04306
1.03302
1.02393
1.01615
1.01001
1.00608
1.00547
1.00967
1.01962
1.03472
1.05265
1.07022
1.08472
1.09476
1.10041
1.10271
1.10275
1.10122
1.09836
1.09432
1.08938
1.08386
1.07793
1.07157
1.06471
1.05749
1.05048
1.04463
1.04104
1.04082
1.04485
1.0537
1.06732
1.08485
1.10468
1.12467
1.14268
1.1569
1.16602
1.16917
1.16594
1.15631
1.1407
1.12008
1.09586
1.0698
1.04392
1.02031
1.00085
0.986766
0.978337
0.975022
0.975733
0.979229
0.984285
0.989842
0.995114
0.999655
1.0033
1.00597
1.00762
1.00826
1.00815
1.00782
1.00788
1.00872
1.01031
1.01228
1.01416
1.01574
1.01718
1.0189
1.02134
1.02481
1.02937
1.03476
1.04046
1.04592
1.05066
1.05458
1.05792
1.06122
1.06499
1.06943
1.07444
1.07992
1.08601
1.09299
1.10089
1.10935
1.11772
1.12536
1.13177
1.13656
1.13931
1.13928
1.1355
1.12737
1.11539
1.10147
1.0882
1.0776
1.07002
1.06427
1.0586
1.05195
1.04452
1.03759
1.0329
1.03185
1.03505
1.04207
1.05159
1.06176
1.07069
1.07697
1.07985
1.07923
1.07548
1.06935
1.06207
1.05533
1.05097
1.05009
1.05238
1.05636
1.06032
1.06311
1.06432
1.06416
1.06345
1.0635
1.06554
1.07014
1.077
1.08512
1.09304
1.09905
1.1017
1.10039
1.09578
1.08959
1.08353
1.07818
1.07317
1.06823
1.06402
1.06177
1.06238
1.0658
1.07102
1.07641
1.08043
1.08247
1.08325
1.08445
1.08807
1.09577
1.10824
1.12459
1.14234
1.15847
1.17057
1.17749
1.17926
1.17678
1.17151
1.16502
1.15871
1.15349
1.14968
1.14703
1.14487
1.14248
1.1393
1.13506
1.12984
1.1243
1.11979
1.1178
1.11859
1.12044
1.12048
1.1165
1.10812
1.09681
1.08511
1.07576
1.07079
1.07112
1.07639
1.08526
1.09584
1.106
1.11381
1.11784
1.1176
1.11385
1.10867
1.1048
1.10442
1.10804
1.11438
1.12139
1.12736
1.13152
1.13397
1.13539
1.13662
1.13832
1.1409
1.14467
1.15002
1.15704
1.16492
1.17181
1.17586
1.1764
1.17416
1.17067
1.16743
1.16543
1.16517
1.16663
1.16922
1.17181
1.17314
1.17213
1.16806
1.16051
1.14941
1.13512
1.11837
1.10032
1.08261
1.06769
1.05885
1.05947
1.07157
1.09434
1.12401
1.15522
1.18286
1.20341
1.21528
1.21846
1.214
1.20351
1.18881
1.17168
1.1538
1.13663
1.12123
1.10824
1.09768
1.08904
1.08149
1.07422
1.06687
1.05974
1.05374
1.05005
1.04967
1.05309
1.06024
1.07065
1.08371
1.09901
1.11624
1.13503
1.15465
1.17402
1.19193
1.20731
1.2193
1.22716
1.23022
1.22791
1.21995
1.2065
1.18831
1.16687
1.14417
1.12251
1.10392
1.08989
1.08118
1.07812
1.08082
1.08893
1.10088
1.11335
1.12198
1.12312
1.11606
1.10442
1.09473
1.09166
1.09497
1.10125
1.10688
1.10926
1.10741
1.10216
1.09589
1.09163
1.09185
1.09742
1.10728
1.11917
1.13082
1.14097
1.14971
1.1581
1.16709
1.17646
1.18452
1.18858
1.18612
1.17614
1.16003
1.14143
1.12487
1.11367
1.10836
1.10665
1.10508
1.10108
1.09402
1.08521
1.07712
1.07214
1.07144
1.07433
1.07878
1.08251
1.08401
1.08309
1.08078
1.0786
1.07792
1.07955
1.08358
1.08964
1.09707
1.10513
1.11292
1.11927
1.12276
1.12204
1.11643
1.10629
1.09304
1.07865
1.0653
1.05521
1.05057
1.05284
1.06184
1.0754
1.09024
1.10316
1.1121
1.11672
1.11846
1.11993
1.12367
1.13049
1.13904
1.14685
1.15198
1.15365
1.15162
1.1455
1.13482
1.11972
1.10146
1.08237
1.0651
1.05166
1.04288
1.03871
1.03882
1.04286
1.05014
1.05918
1.06776
1.07352
1.07484
1.07153
1.06502
1.05778
1.05226
1.04972
1.04979
1.05104
1.05183
1.05119
1.04904
1.04594
1.04273
1.04008
1.03836
1.03782
1.03876
1.04175
1.04747
1.05636
1.06834
1.08267
1.09811
1.11306
1.1259
1.1353
1.14047
1.14135
1.13856
1.13324
1.12679
1.12061
1.11583
1.11317
1.11263
1.11349
1.11428
1.11323
1.10863
1.09949
1.0859
1.06909
1.05101
1.0337
1.01891
1.00825
1.00378
1.00806
1.02326
1.04949
1.08384
1.12118
1.15609
1.18429
1.20314
1.21139
1.2088
1.19576
1.17323
1.14286
1.10774
1.07308
1.04538
1.0291
1.02387
1.02586
1.03145
1.03897
1.0481
1.05838
1.06838
1.07609
1.08
1.07987
1.07702
1.07389
1.07331
1.07765
1.0879
1.1034
1.12212
1.14143
1.15889
1.17283
1.18241
1.18735
1.18752
1.18289
1.17373
1.16078
1.14511
1.12793
1.11074
1.09555
1.08464
1.07986
1.08187
1.08997
1.10228
1.11637
1.12992
1.14135
1.15
1.156
1.1597
1.16127
1.16077
1.15823
1.1535
1.14641
1.13719
1.1269
1.11748
1.11105
1.10904
1.11182
1.11877
1.12843
1.13871
1.14757
1.15387
1.15762
1.15962
1.16077
1.16163
1.1623
1.1625
1.16185
1.16009
1.15747
1.15488
1.15359
1.15465
1.15845
1.16453
1.1718
1.17877
1.18407
1.18664
1.18583
1.18125
1.17264
1.16004
1.1438
1.12458
1.10354
1.08289
1.06635
1.05829
1.06159
1.0763
1.10031
1.13025
1.16181
1.19035
1.212
1.22436
1.22662
1.21952
1.20508
1.18608
1.16542
1.14544
1.12748
1.11185
1.09836
1.08685
1.07733
1.0699
1.06464
1.06174
1.06152
1.06429
1.07022
1.07917
1.09054
1.10332
1.11625
1.12806
1.1377
1.14457
1.14858
1.14978
1.14794
1.14247
1.13331
1.1215
1.10892
1.09716
1.08682
1.0779
1.07092
1.06741
1.06949
1.07878
1.09549
1.11835
1.145
1.17259
1.19825
1.21963
1.23538
1.24535
1.25029
1.25124
1.24883
1.24309
1.23348
1.21936
1.20026
1.17615
1.14766
1.1163
1.08493
1.05802
1.04041
1.03491
1.04051
1.05318
1.06815
1.08144
1.0906
1.09476
1.09422
1.08991
1.0829
1.07423
1.06503
1.05661
1.0504
1.0475
1.04812
1.05126
1.05493
1.05683
1.0552
1.0495
1.04058
1.03054
1.02207
1.01759
1.01842
1.0244
1.03398
1.04504
1.05588
1.06592
1.07535
1.08449
1.09332
1.10154
1.10878
1.11468
1.11889
1.12114
1.12133
1.11957
1.11601
1.11088
1.10433
1.09664
1.08868
1.0822
1.07921
1.0809
1.08675
1.09501
1.10364
1.11088
1.11537
1.11602
1.11203
1.10301
1.08923
1.07178
1.05271
1.0349
1.02158
1.01528
1.01694
1.02555
1.03885
1.05445
1.07048
1.08572
1.09944
1.11154
1.12266
1.134
1.14655
1.1603
1.17399
1.18554
1.19292
1.19498
1.19193
1.18535
1.17756
1.17066
1.16565
1.16228
1.15968
1.15721
1.15464
1.15189
1.14857
1.14391
1.13708
1.12771
1.11621
1.10331
1.08923
1.07348
1.05576
1.03681
1.01848
1.00301
0.992358
0.987749
0.98952
0.997038
1.00886
1.02307
1.03772
1.05126
1.06295
1.07321
1.08347
1.0956
1.11087
1.12907
1.14845
1.16647
1.18072
1.18958
1.19253
1.18997
1.18302
1.17316
1.16194
1.15066
1.14021
1.13116
1.124
1.11918
1.11677
1.11579
1.11408
1.10882
1.09781
1.08081
1.06054
1.04239
1.03241
1.03394
1.04571
1.0628
1.07943
1.09114
1.09545
1.09164
1.0806
1.06457
1.04679
1.03092
1.01997
1.01546
1.01711
1.02354
1.03311
1.04452
1.05678
1.06889
1.07966
1.08806
1.09363
1.09674
1.09849
1.10041
1.10414
1.11107
1.12192
1.13649
1.15355
1.17121
1.18734
1.20013
1.20832
1.21153
1.21003
1.2045
1.19559
1.18366
1.16869
1.1506
1.12976
1.10741
1.08598
1.06881
1.05949
1.06024
1.07039
1.08601
1.10188
1.11388
1.12037
1.12197
1.12054
1.11818
1.11654
1.11669
1.11906
1.1235
1.1293
1.1354
1.14082
1.1451
1.14835
1.15082
1.15256
1.15339
1.15341
1.1534
1.15475
1.15885
1.16621
1.17624
1.1874
1.19767
1.20481
1.20664
1.20133
1.18769
1.16533
1.13492
1.09873
1.06112
1.02826
1.00668
1.00098
1.01215
1.03745
1.0718
1.10961
1.14602
1.17744
1.20137
1.21602
1.22008
1.21298
1.1957
1.17163
1.14627
1.12477
1.10968
1.10132
1.09948
1.10411
1.11467
1.12969
1.14704
1.16446
1.18006
1.19239
1.20038
1.2031
1.19987
1.19031
1.17474
1.15446
1.13217
1.11167
1.09666
1.08906
1.08829
1.09219
1.09848
1.10527
1.11082
1.11331
1.11104
1.10305
1.08948
1.07157
1.05142
1.03164
1.01497
1.00362
0.998601
0.999263
1.00365
1.00931
1.01422
1.01734
1.01877
1.01948
1.02069
1.02323
1.02716
1.0321
1.03774
1.04421
1.05179
1.0606
1.07024
1.07999
1.08898
1.09661
1.10254
1.10664
1.10869
1.10826
1.10469
1.09742
1.08623
1.0716
1.05482
1.03819
1.02479
1.01769
1.01856
1.02647
1.0378
1.04772
1.05222
1.04971
1.04123
1.0296
1.01815
1.00953
1.00503
1.00465
1.00778
1.01395
1.02303
1.035
1.04948
1.06539
1.08098
1.09432
1.1038
1.10861
1.10887
1.10549
1.09983
1.0934
1.0876
1.08353
1.08193
1.08312
1.0871
1.09349
1.10126
1.1083
1.11155
1.1082
1.0972
1.08005
1.0603
1.0421
1.02872
1.02167
1.0208
1.02479
1.03182
1.03999
1.0477
1.05402
1.05884
1.06286
1.06718
1.07271
1.07983
1.08866
1.0995
1.11275
1.12834
1.1454
1.16249
1.17819
1.19143
1.20148
1.20785
1.21012
1.2079
1.20088
1.18921
1.1739
1.15726
1.14244
1.1321
1.12683
1.12513
1.12485
1.12455
1.12371
1.12262
1.12201
1.12206
1.12142
1.11785
1.10989
1.09801
1.08451
1.07274
1.06575
1.06499
1.06957
1.07683
1.08368
1.08785
1.08835
1.08526
1.0793
1.07136
1.06242
1.05345
1.04555
1.03982
1.03727
1.03846
1.04313
1.05023
1.05828
1.06588
1.07206
1.07624
1.07818
1.07771
1.07483
1.0699
1.06373
1.05731
1.05127
1.04547
1.03917
1.03151
1.02216
1.01174
1.00199
0.995547
0.994912
1.00095
1.0119
1.02397
1.03326
1.03741
1.0362
1.03129
1.02558
1.02191
1.02171
1.02445
1.02865
1.0335
1.03961
1.04841
1.06081
1.07633
1.09342
1.11058
1.12701
1.14251
1.157
1.17016
1.18113
1.18849
1.1906
1.18612
1.17467
1.15755
1.13807
1.12101
1.11102
1.11055
1.11879
1.1325
1.14772
1.1612
1.17091
1.17597
1.17643
1.17312
1.16742
1.16082
1.15464
1.14975
1.14673
1.14591
1.14741
1.15096
1.15575
1.16058
1.16412
1.16525
1.16335
1.15831
1.15054
1.14093
1.13063
1.12101
1.11345
1.10894
1.10784
1.10976
1.11372
1.11852
1.12295
1.12588
1.12636
1.12362
1.11728
1.10762
1.09581
1.08413
1.07595
1.07489
1.08322
1.10013
1.12187
1.14374
1.16225
1.17595
1.18492
1.18955
1.18971
1.18472
1.17417
1.15891
1.14123
1.12407
1.10952
1.0981
1.08968
1.0847
1.08423
1.08889
1.09793
1.10951
1.12148
1.13227
1.14134
1.14934
1.15744
1.16617
1.17456
1.1805
1.18174
1.17683
1.16563
1.14944
1.13077
1.11242
1.09633
1.08293
1.07174
1.06242
1.05536
1.05155
1.05199
1.05704
1.06606
1.07764
1.08996
1.1013
1.11019
1.11539
1.11598
1.11167
1.1032
1.0925
1.08207
1.07399
1.06905
1.06637
1.06398
1.05963
1.05177
1.04004
1.02541
1.00992
0.996459
0.988093
0.986812
0.992392
1.00259
1.01451
1.02579
1.03512
1.04212
1.0471
1.05047
1.05233
1.05216
1.0494
1.04442
1.03935
1.03759
1.04181
1.0523
1.06737
1.08487
1.10279
1.11922
1.13228
1.14043
1.14282
1.13937
1.1306
1.11743
1.1009
1.0821
1.0621
1.0421
1.0233
1.00703
0.995072
0.989831
0.993336
1.00562
1.02413
1.04496
1.06456
1.08057
1.09189
1.09847
1.1011
1.10118
1.10048
1.10086
1.10394
1.11074
1.12146
1.13541
1.15126
1.16735
1.18201
1.19379
1.20162
1.20517
1.20502
1.20281
1.20086
1.20111
1.20403
1.20844
1.21252
1.21499
1.21557
1.21461
1.21231
1.20839
1.20238
1.19408
1.18376
1.17188
1.15862
1.14363
1.12606
1.10525
1.08178
1.05882
1.04198
1.03667
1.0443
1.06163
1.084
1.10823
1.13282
1.15657
1.17781
1.19444
1.20461
1.20724
1.20237
1.19123
1.176
1.15931
1.14361
1.13049
1.12013
1.11133
1.10214
1.09073
1.07627
1.05957
1.04359
1.03272
1.03021
1.03514
1.04291
1.04906
1.05211
1.05346
1.0555
1.05988
1.0667
1.07488
1.08282
1.08921
1.09318
1.09426
1.09229
1.08728
1.07964
1.07046
1.0615
1.05477
1.05163
1.05206
1.05465
1.05744
1.05895
1.05884
1.05786
1.05727
1.05816
1.06104
1.06597
1.07317
1.08348
1.09815
1.11742
1.13941
1.16073
1.17815
1.18985
1.19556
1.19599
1.19233
1.18575
1.17724
1.16741
1.15655
1.14458
1.13131
1.11665
1.10093
1.08479
1.06903
1.05432
1.04128
1.03073
1.02392
1.02228
1.02684
1.03755
1.05317
1.07168
1.09092
1.10909
1.12492
1.13761
1.14678
1.15252
1.15534
1.15602
1.15552
1.15485
1.15487
1.15621
1.15886
1.16188
1.16361
1.16232
1.15692
1.14742
1.13505
1.12204
1.11091
1.10331
1.0992
1.09704
1.09482
1.09074
1.08372
1.07358
1.06133
1.04902
1.03909
1.0334
1.03264
1.03659
1.04447
1.05521
1.06736
1.07885
1.08735
1.09081
1.08818
1.07965
1.06651
1.05065
1.03412
1.0189
1.00686
0.99963
0.998406
1.0036
1.01482
1.03102
1.05067
1.07171
1.09159
1.1079
1.11914
1.12518
1.12713
1.1267
1.12551
1.12434
1.12285
1.12015
1.11608
1.11193
1.10995
1.11199
1.11849
1.12832
1.1394
1.14924
1.15561
1.15697
1.15264
1.14264
1.12761
1.10895
1.08896
1.07046
1.05579
1.04606
1.04122
1.04114
1.04615
1.05677
1.0727
1.09249
1.11397
1.13501
1.1538
1.16893
1.17943
1.18485
1.18544
1.18215
1.17621
1.16843
1.15885
1.14701
1.13261
1.11596
1.09785
1.07926
1.06138
1.04568
1.03391
1.02773
1.0282
1.03529
1.04763
1.06278
1.07804
1.09131
1.10161
1.10899
1.11413
1.11785
1.12082
1.12345
1.12583
1.12768
1.1285
1.12796
1.12636
1.12489
1.12497
1.12731
1.13125
1.13508
1.1372
1.13712
1.13574
1.13436
1.13352
1.13286
1.13175
1.13017
1.12873
1.12831
1.1295
1.13221
1.13565
1.13858
1.13977
1.13824
1.13348
1.12538
1.11417
1.1002
1.08409
1.06687
1.05004
1.03538
1.02446
1.01813
1.01625
1.01779
1.02127
1.02485
1.02665
1.02514
1.01989
1.012
1.00405
0.999329
1.00087
1.01071
1.02944
1.05621
1.08863
1.12293
1.15442
1.17869
1.193
1.19681
1.19109
1.17733
1.1571
1.13243
1.10619
1.08193
1.063
1.05155
1.04787
1.05042
1.05652
1.06352
1.06973
1.07467
1.07874
1.08243
1.08563
1.08734
1.08609
1.08078
1.07151
1.05999
1.04928
1.0427
1.04219
1.04728
1.05542
1.0632
1.0678
1.06783
1.06361
1.05676
1.04956
1.04381
1.04015
1.03791
1.03584
1.03303
1.0293
1.02504
1.02076
1.01697
1.01421
1.01315
1.01461
1.01965
1.02931
1.04406
1.0631
1.0842
1.10443
1.12119
1.13295
1.13941
1.14131
1.14001
1.13707
1.13402
1.13207
1.13191
1.13373
1.13733
1.14218
1.14756
1.15267
1.15677
1.15946
1.16078
1.1609
1.15964
1.15617
1.14934
1.13829
1.12309
1.10487
1.08561
1.06749
1.05205
1.03972
1.03019
1.02375
1.02208
1.027
1.03805
1.05213
1.06536
1.07447
1.07718
1.0732
1.06648
1.06591
1.07855
1.10135
1.12484
1.14261
1.15402
1.16136
1.16702
1.17201
1.17602
1.17807
1.17744
1.17425
1.16941
1.16412
1.15944
1.15605
1.15439
1.15455
1.15623
1.15863
1.16053
1.16074
1.15847
1.15352
1.14616
1.13693
1.12651
1.11588
1.10638
1.09952
1.09619
1.09595
1.09722
1.09861
1.10026
1.10369
1.11
1.1186
1.12777
1.13577
1.14132
1.14386
1.14399
1.14342
1.14409
1.14693
1.15154
1.15635
1.15947
1.15968
1.15727
1.15419
1.15332
1.15695
1.16535
1.1768
1.1887
1.19895
1.20618
1.20931
1.20709
1.19828
1.18241
1.16042
1.13481
1.10908
1.08689
1.07104
1.06263
1.06078
1.0632
1.06721
1.07082
1.07316
1.07436
1.07507
1.07601
1.07771
1.08045
1.08442
1.08975
1.09644
1.10419
1.11228
1.11966
1.12526
1.12825
1.12823
1.12533
1.12017
1.11375
1.10706
1.1006
1.09421
1.08727
1.0794
1.07094
1.06319
1.05823
1.05828
1.06475
1.0775
1.09476
1.11378
1.13193
1.1474
1.15944
1.16795
1.17293
1.17426
1.17181
1.16596
1.15803
1.15028
1.14536
1.14542
1.15132
1.16232
1.17639
1.19075
1.2025
1.20903
1.20843
1.19964
1.1825
1.15769
1.12672
1.09198
1.05655
1.02408
0.998435
0.983133
0.980232
0.989393
1.00786
1.03155
1.05642
1.07939
1.0986
1.11326
1.12331
1.12909
1.13107
1.12965
1.12507
1.1173
1.10619
1.0922
1.07709
1.06394
1.05585
1.05391
1.05637
1.05972
1.06059
1.05718
1.04948
1.039
1.028
1.01889
1.01383
1.01456
1.02192
1.03543
1.05346
1.07399
1.09521
1.11557
1.1336
1.14798
1.1577
1.16224
1.16158
1.1561
1.1468
1.13554
1.12497
1.11767
1.11483
1.11565
1.11783
1.11893
1.11754
1.11372
1.10868
1.10395
1.10051
1.09828
1.09633
1.09347
1.0887
1.08156
1.07211
1.0609
1.04889
1.03724
1.02698
1.01877
1.0128
1.00883
1.00638
1.00473
1.00305
1.0007
0.997494
0.993906
0.990666
0.988186
0.986195
0.983903
0.980627
0.976384
0.972186
0.969984
0.972187
0.980806
0.996336
1.01715
1.04024
1.06258
1.08212
1.0978
1.10911
1.11597
1.11889
1.11916
1.11883
1.12012
1.12461
1.13239
1.14188
1.15071
1.15713
1.16081
1.16252
1.16311
1.16261
1.1604
1.15595
1.14951
1.14218
1.13542
1.12999
1.12521
1.11939
1.11082
1.09863
1.08297
1.06512
1.04739
1.03249
1.02281
1.01961
1.02282
1.03126
1.04331
1.05733
1.07178
1.08532
1.09688
1.10588
1.11217
1.11611
1.11862
1.12122
1.12546
1.13204
1.1404
1.14917
1.15697
1.16286
1.16631
1.16722
1.16613
1.16415
1.16238
1.16125
1.16031
1.15857
1.15526
1.15023
1.14397
1.13724
1.13057
1.124
1.11698
1.10853
1.09774
1.08429
1.06894
1.05363
1.04092
1.03305
1.03101
1.03432
1.04148
1.0505
1.05954
1.0673
1.07325
1.07752
1.08032
1.08165
1.08124
1.07894
1.07512
1.07045
1.06566
1.06135
1.05819
1.05709
1.05918
1.06541
1.07591
1.08972
1.10503
1.11984
1.13258
1.14247
1.14943
1.15387
1.15623
1.15671
1.15543
1.15277
1.14962
1.14711
1.14607
1.14658
1.14793
1.14885
1.14818
1.14529
1.14032
1.13421
1.12828
1.12387
1.12201
1.123
1.12631
1.13048
1.13358
1.13361
1.12911
1.1196
1.1057
1.08903
1.07173
1.05588
1.04305
1.03422
1.02998
1.03057
1.03579
1.04492
1.05692
1.07068
1.08536
1.10039
1.11537
1.12999
1.14399
1.1572
1.16951
1.18048
1.18921
1.19437
1.19481
1.19004
1.18066
1.16837
1.15542
1.14403
1.13565
1.13053
1.12781
1.12577
1.12252
1.11658
1.10742
1.09585
1.0841
1.0755
1.07313
1.07827
1.08966
1.10424
1.11877
1.13097
1.13989
1.14559
1.14877
1.15027
1.15077
1.15044
1.14873
1.14448
1.13643
1.12376
1.10664
1.08624
1.06456
1.04397
1.027
1.01644
1.01563
1.02734
1.05129
1.08297
1.11588
1.14472
1.16661
1.18072
1.18749
1.18818
1.1845
1.17823
1.17093
1.16354
1.15631
1.14895
1.14083
1.13125
1.11977
1.1065
1.09217
1.07812
1.06581
1.05641
1.05041
1.04773
1.04781
1.04965
1.05179
1.0526
1.0507
1.04572
1.03908
1.0342
1.03541
1.04541
1.06332
1.08539
1.10737
1.12635
1.1411
1.15163
1.15873
1.16345
1.16669
1.16885
1.16966
1.1683
1.16374
1.15516
1.14225
1.12551
1.10628
1.08671
1.0696
1.05791
1.05391
1.05822
1.06926
1.08345
1.09633
1.10399
1.1042
1.09678
1.08337
1.06661
1.04944
1.0346
1.02427
1.01994
1.02209
1.03
1.04205
1.05654
1.07233
1.08889
1.10579
1.12228
1.13728
1.14967
1.1588
1.16454
1.16708
1.16653
1.1628
1.15563
1.1449
1.13092
1.11462
1.09754
1.08159
1.06876
1.06083
1.05907
1.06367
1.07351
1.08645
1.10015
1.1126
1.12222
1.12782
1.12868
1.1247
1.11657
1.10576
1.09431
1.08423
1.07701
1.07322
1.0726
1.07449
1.07807
1.08241
1.08653
1.08964
1.09141
1.0919
1.09144
1.09047
1.08963
1.08985
1.09206
1.09659
1.10263
1.1082
1.11067
1.10752
1.09723
1.08019
1.05963
1.042
1.03484
1.04147
1.05805
1.07761
1.09577
1.11231
1.12933
1.14873
1.17055
1.19291
1.21312
1.22892
1.23924
1.24419
1.24456
1.24116
1.23451
1.22485
1.21251
1.19827
1.18332
1.16898
1.15611
1.14478
1.13435
1.12399
1.11336
1.10302
1.09436
1.08905
1.08812
1.0912
1.09652
1.10168
1.10484
1.10569
1.10553
1.10634
1.10956
1.11536
1.12289
1.13104
1.13937
1.1485
1.15972
1.17396
1.19091
1.20898
1.22584
1.23912
1.24687
1.24779
1.24148
1.22851
1.21064
1.19047
1.17097
1.15493
1.14461
1.14119
1.14409
1.15078
1.15801
1.16347
1.16663
1.16829
1.16961
1.17132
1.17341
1.17523
1.17577
1.17416
1.17014
1.16437
1.15785
1.15117
1.14394
1.13521
1.1241
1.11039
1.09476
1.07887
1.0651
1.05601
1.05358
1.05854
1.0702
1.08652
1.10452
1.12105
1.13385
1.14215
1.1467
1.14899
1.15058
1.15249
1.15478
1.15666
1.157
1.15498
1.15032
1.14316
1.13403
1.12381
1.11367
1.10493
1.09894
1.09679
1.09891
1.10489
1.11337
1.12231
1.12933
1.13244
1.13055
1.12395
1.11415
1.10321
1.09335
1.08681
1.08563
1.09117
1.10362
1.12151
1.14212
1.16232
1.17947
1.19184
1.19848
1.19911
1.19371
1.18245
1.16564
1.144
1.119
