1.64108
1.63267
1.62878
1.63246
1.6445
1.66257
1.68227
1.69919
1.71057
1.71545
1.71416
1.70762
1.69706
1.68396
1.66968
1.6552
1.64082
1.62641
1.61204
1.59864
1.58819
1.58326
1.58619
1.59802
1.61789
1.64328
1.67083
1.69732
1.72013
1.7373
1.74729
1.74886
1.74144
1.7256
1.70324
1.67713
1.65035
1.6256
1.60473
1.58847
1.57643
1.56727
1.55923
1.55095
1.54209
1.53316
1.52504
1.51834
1.51345
1.511
1.51207
1.5176
1.52723
1.53889
1.55002
1.55924
1.56696
1.57504
1.58549
1.59948
1.61671
1.63561
1.65398
1.66994
1.6828
1.69299
1.70117
1.70715
1.70955
1.70681
1.69833
1.68501
1.66882
1.65169
1.63504
1.62026
1.60893
1.60234
1.601
1.60479
1.61354
1.62709
1.6448
1.66503
1.6852
1.70248
1.71455
1.72016
1.71931
1.71316
1.70398
1.69476
1.68822
1.68575
1.68657
1.68818
1.68759
1.68287
1.67407
1.66298
1.65201
1.64266
1.63438
1.62467
1.6104
1.58965
1.56322
1.53449
1.50778
1.48638
1.4724
1.46762
1.47357
1.4907
1.51758
1.55131
1.58834
1.62533
1.65941
1.68851
1.71127
1.72705
1.73568
1.7373
1.73211
1.72044
1.70321
1.68267
1.66266
1.64741
1.63933
1.63768
1.63933
1.6403
1.6372
1.62815
1.61356
1.59607
1.57909
1.56478
1.55312
1.54302
1.53383
1.52613
1.5216
1.52216
1.52877
1.54048
1.55431
1.56631
1.57303
1.57264
1.56568
1.55521
1.54618
1.54376
1.55134
1.5697
1.59767
1.63272
1.67052
1.70536
1.73205
1.74765
1.7517
1.74528
1.73019
1.70827
1.68161
1.65291
1.62597
1.60554
1.59617
1.60078
1.61946
1.64936
1.68564
1.72263
1.75498
1.77835
1.79
1.78913
1.77705
1.75686
1.73233
1.70668
1.68163
1.65762
1.63464
1.61297
1.59335
1.5763
1.56158
1.54869
1.53825
1.53258
1.53403
1.54237
1.55453
1.56703
1.57795
1.58699
1.59462
1.60138
1.60762
1.61367
1.61983
1.62636
1.63334
1.64055
1.64757
1.65373
1.65828
1.66063
1.66059
1.65845
1.65474
1.64995
1.64431
1.63779
1.63004
1.62058
1.60902
1.59538
1.58023
1.56459
1.54953
1.5359
1.52423
1.51501
1.50911
1.50821
1.51451
1.52944
1.55209
1.57897
1.60533
1.62708
1.64214
1.65062
1.65407
1.65413
1.65183
1.64754
1.64149
1.63407
1.62578
1.61689
1.60736
1.59706
1.58623
1.57571
1.56694
1.56157
1.56123
1.56728
1.58056
1.60098
1.62728
1.65701
1.68701
1.71402
1.73536
1.74903
1.75376
1.74891
1.73446
1.71105
1.68012
1.64378
1.6047
1.56588
1.53047
1.50128
1.48015
1.46751
1.46253
1.4636
1.46884
1.47643
1.48476
1.49267
1.49948
1.50495
1.50896
1.51143
1.51239
1.51223
1.51173
1.51181
1.51308
1.51547
1.51842
1.52124
1.52362
1.52577
1.52835
1.532
1.53722
1.54406
1.55213
1.56069
1.56888
1.576
1.58187
1.58688
1.59184
1.59749
1.60415
1.61166
1.61987
1.62901
1.63948
1.65134
1.66403
1.67658
1.68804
1.69765
1.70484
1.70896
1.70892
1.70325
1.69106
1.67309
1.6522
1.6323
1.61639
1.60503
1.59641
1.58789
1.57792
1.56678
1.55639
1.54934
1.54778
1.55258
1.5631
1.57739
1.59264
1.60604
1.61545
1.61977
1.61884
1.61321
1.60403
1.5931
1.583
1.57645
1.57513
1.57856
1.58453
1.59048
1.59467
1.59648
1.59624
1.59518
1.59525
1.59831
1.60521
1.6155
1.62768
1.63955
1.64858
1.65255
1.65059
1.64366
1.63439
1.62529
1.61728
1.60976
1.60234
1.59603
1.59265
1.59357
1.5987
1.60653
1.61462
1.62064
1.62371
1.62488
1.62667
1.63211
1.64365
1.66236
1.68688
1.71352
1.7377
1.75585
1.76624
1.7689
1.76517
1.75726
1.74754
1.73807
1.73023
1.72452
1.72054
1.7173
1.71372
1.70895
1.70259
1.69476
1.68645
1.67968
1.6767
1.67788
1.68065
1.68071
1.67474
1.66218
1.64522
1.62767
1.61364
1.60619
1.60667
1.61458
1.6279
1.64376
1.65901
1.67071
1.67676
1.6764
1.67077
1.663
1.6572
1.65663
1.66206
1.67158
1.68208
1.69104
1.69727
1.70096
1.70309
1.70492
1.70748
1.71135
1.71701
1.72503
1.73557
1.74738
1.75771
1.76379
1.7646
1.76124
1.75601
1.75115
1.74815
1.74775
1.74994
1.75382
1.75772
1.7597
1.7582
1.7521
1.74076
1.72411
1.70267
1.67756
1.65049
1.62392
1.60154
1.58828
1.58921
1.60736
1.64151
1.68602
1.73283
1.77429
1.80512
1.82293
1.82769
1.821
1.80527
1.78321
1.75752
1.7307
1.70494
1.68184
1.66236
1.64652
1.63355
1.62223
1.61133
1.60031
1.58962
1.58062
1.57507
1.5745
1.57964
1.59037
1.60598
1.62557
1.64852
1.67437
1.70255
1.73198
1.76102
1.78789
1.81097
1.82895
1.84075
1.84534
1.84187
1.82993
1.80974
1.78247
1.75031
1.71626
1.68377
1.65589
1.63483
1.62177
1.61718
1.62124
1.6334
1.65131
1.67003
1.68298
1.68468
1.67409
1.65663
1.64209
1.6375
1.64246
1.65188
1.66032
1.6639
1.66111
1.65325
1.64384
1.63744
1.63778
1.64614
1.66093
1.67875
1.69623
1.71145
1.72456
1.73715
1.75063
1.76469
1.77677
1.78286
1.77918
1.76421
1.74004
1.71215
1.68731
1.6705
1.66254
1.65997
1.65763
1.65163
1.64103
1.62782
1.61567
1.60821
1.60717
1.6115
1.61817
1.62376
1.62601
1.62464
1.62117
1.61789
1.61689
1.61932
1.62538
1.63446
1.6456
1.65769
1.66938
1.67891
1.68414
1.68306
1.67464
1.65944
1.63956
1.61798
1.59795
1.58281
1.57585
1.57927
1.59276
1.61311
1.63536
1.65474
1.66815
1.67508
1.67769
1.6799
1.6855
1.69574
1.70856
1.72027
1.72797
1.73047
1.72743
1.71825
1.70224
1.67957
1.65219
1.62355
1.59765
1.57749
1.56433
1.55807
1.55822
1.5643
1.57522
1.58877
1.60164
1.61028
1.61225
1.60729
1.59752
1.58668
1.5784
1.57458
1.57469
1.57655
1.57774
1.57679
1.57356
1.56891
1.56409
1.56012
1.55755
1.55673
1.55814
1.56263
1.5712
1.58455
1.60251
1.62401
1.64716
1.66959
1.68886
1.70295
1.71071
1.71203
1.70783
1.69986
1.69019
1.68091
1.67375
1.66975
1.66895
1.67023
1.67143
1.66984
1.66295
1.64923
1.62885
1.60363
1.57651
1.55056
1.52836
1.51238
1.50566
1.51209
1.53489
1.57423
1.62575
1.68177
1.73413
1.77644
1.80471
1.81709
1.81319
1.79364
1.75984
1.71429
1.66161
1.60962
1.56808
1.54366
1.53581
1.53879
1.54717
1.55845
1.57215
1.58758
1.60257
1.61414
1.61999
1.61981
1.61554
1.61083
1.60997
1.61647
1.63185
1.6551
1.68318
1.71214
1.73834
1.75924
1.77361
1.78103
1.78127
1.77433
1.76059
1.74117
1.71767
1.6919
1.66611
1.64332
1.62696
1.61978
1.62281
1.63496
1.65342
1.67455
1.69489
1.71202
1.725
1.734
1.73954
1.7419
1.74116
1.73734
1.73025
1.71962
1.70578
1.69035
1.67623
1.66657
1.66356
1.66773
1.67815
1.69265
1.70806
1.72135
1.7308
1.73644
1.73944
1.74115
1.74245
1.74344
1.74375
1.74277
1.74013
1.73621
1.73233
1.73038
1.73197
1.73767
1.7468
1.7577
1.76816
1.7761
1.77996
1.77875
1.77187
1.75895
1.74005
1.7157
1.68687
1.65531
1.62434
1.59953
1.58744
1.59239
1.61446
1.65046
1.69538
1.74272
1.78552
1.818
1.83654
1.83993
1.82928
1.80762
1.77911
1.74813
1.71816
1.69122
1.66777
1.64754
1.63027
1.616
1.60485
1.59695
1.59261
1.59228
1.59644
1.60533
1.61875
1.63581
1.65498
1.67437
1.69209
1.70654
1.71686
1.72287
1.72468
1.72191
1.71371
1.69996
1.68225
1.66338
1.64574
1.63022
1.61685
1.60638
1.60112
1.60424
1.61817
1.64323
1.67752
1.7175
1.75889
1.79738
1.82944
1.85307
1.86803
1.87544
1.87686
1.87325
1.86464
1.85022
1.82904
1.80038
1.76422
1.72149
1.67444
1.6274
1.58702
1.56061
1.55236
1.56076
1.57977
1.60223
1.62216
1.6359
1.64214
1.64133
1.63486
1.62434
1.61134
1.59754
1.58491
1.57559
1.57125
1.57218
1.5769
1.58239
1.58524
1.5828
1.57425
1.56087
1.54581
1.53311
1.52638
1.52763
1.5366
1.55097
1.56755
1.58383
1.59887
1.61303
1.62674
1.63998
1.65231
1.66317
1.67203
1.67834
1.6817
1.682
1.67935
1.67402
1.66632
1.65649
1.64496
1.63303
1.6233
1.61882
1.62135
1.63013
1.64251
1.65545
1.66631
1.67305
1.67403
1.66804
1.65452
1.63385
1.60767
1.57907
1.55236
1.53236
1.52292
1.52541
1.53832
1.55827
1.58167
1.60572
1.62858
1.64916
1.66731
1.68399
1.701
1.71982
1.74045
1.76099
1.77831
1.78939
1.79248
1.7879
1.77802
1.76633
1.75599
1.74848
1.74343
1.73953
1.73581
1.73197
1.72784
1.72286
1.71587
1.70562
1.69156
1.67431
1.65497
1.63384
1.61021
1.58363
1.55522
1.52772
1.50452
1.48854
1.48162
1.48428
1.49556
1.5133
1.53461
1.55658
1.57689
1.59443
1.60981
1.62521
1.6434
1.6663
1.6936
1.72268
1.74971
1.77107
1.78438
1.78879
1.78496
1.77453
1.75974
1.74291
1.72599
1.71032
1.69674
1.686
1.67877
1.67515
1.67368
1.67112
1.66324
1.64671
1.62121
1.59081
1.56359
1.54861
1.55091
1.56857
1.59419
1.61914
1.63672
1.64317
1.63745
1.6209
1.59685
1.57019
1.54639
1.52996
1.52318
1.52567
1.53531
1.54966
1.56678
1.58517
1.60333
1.61949
1.63209
1.64044
1.64511
1.64773
1.65061
1.65622
1.66661
1.68288
1.70474
1.73033
1.75681
1.78102
1.80019
1.81249
1.81729
1.81504
1.80674
1.79338
1.77549
1.75303
1.7259
1.69463
1.66112
1.62897
1.60322
1.58923
1.59037
1.60558
1.62902
1.65282
1.67083
1.68056
1.68295
1.68082
1.67726
1.6748
1.67503
1.67859
1.68525
1.69396
1.70311
1.71124
1.71766
1.72253
1.72624
1.72884
1.73008
1.73011
1.7301
1.73213
1.73827
1.74932
1.76436
1.7811
1.7965
1.80722
1.80996
1.802
1.78154
1.748
1.70238
1.6481
1.59168
1.54239
1.51001
1.50147
1.51823
1.55617
1.60769
1.66441
1.71903
1.76617
1.80206
1.82403
1.83012
1.81947
1.79354
1.75744
1.7194
1.68715
1.66453
1.65198
1.64922
1.65617
1.67201
1.69454
1.72056
1.7467
1.77009
1.78859
1.80057
1.80466
1.7998
1.78547
1.76211
1.7317
1.69825
1.6675
1.64499
1.63359
1.63243
1.63829
1.64772
1.6579
1.66623
1.66996
1.66655
1.65457
1.63421
1.60736
1.57713
1.54746
1.52245
1.50544
1.4979
1.49889
1.50547
1.51396
1.52132
1.52601
1.52816
1.52922
1.53104
1.53484
1.54073
1.54814
1.55662
1.56631
1.57769
1.59089
1.60537
1.61998
1.63348
1.64491
1.65381
1.65995
1.66304
1.66238
1.65704
1.64612
1.62935
1.60739
1.58222
1.55729
1.53719
1.52653
1.52784
1.53971
1.55671
1.57158
1.57833
1.57456
1.56185
1.5444
1.52722
1.51429
1.50755
1.50697
1.51167
1.52092
1.53454
1.5525
1.57422
1.59809
1.62147
1.64147
1.6557
1.66291
1.6633
1.65823
1.64974
1.6401
1.6314
1.62529
1.62289
1.62469
1.63065
1.64023
1.65189
1.66245
1.66732
1.6623
1.6458
1.62008
1.59045
1.56315
1.54308
1.53251
1.5312
1.53719
1.54774
1.55998
1.57156
1.58104
1.58826
1.59429
1.60078
1.60907
1.61975
1.63299
1.64925
1.66913
1.69251
1.7181
1.74373
1.76728
1.78715
1.80223
1.81178
1.81518
1.81184
1.80133
1.78381
1.76086
1.73589
1.71366
1.69814
1.69024
1.68769
1.68728
1.68683
1.68556
1.68393
1.68302
1.68309
1.68214
1.67677
1.66484
1.64701
1.62677
1.60911
1.59863
1.59748
1.60435
1.61524
1.62552
1.63178
1.63252
1.62789
1.61895
1.60705
1.59362
1.58018
1.56832
1.55972
1.55591
1.55768
1.5647
1.57535
1.58742
1.59883
1.60809
1.61436
1.61726
1.61656
1.61224
1.60485
1.59559
1.58596
1.5769
1.56821
1.55876
1.54727
1.53324
1.51762
1.50299
1.49332
1.49237
1.50142
1.51785
1.53596
1.54989
1.55611
1.55429
1.54694
1.53837
1.53286
1.53256
1.53667
1.54298
1.55025
1.55941
1.57262
1.59122
1.61449
1.64012
1.66586
1.69052
1.71376
1.73551
1.75524
1.77169
1.78274
1.7859
1.77918
1.762
1.73633
1.7071
1.68151
1.66653
1.66582
1.67819
1.69875
1.72158
1.7418
1.75636
1.76395
1.76465
1.75969
1.75113
1.74124
1.73195
1.72463
1.7201
1.71887
1.72112
1.72644
1.73363
1.74087
1.74618
1.74788
1.74502
1.73746
1.72581
1.71139
1.69594
1.68152
1.67018
1.66341
1.66177
1.66464
1.67059
1.67778
1.68442
1.68882
1.68954
1.68543
1.67592
1.66143
1.64371
1.6262
1.61392
1.61234
1.62482
1.65019
1.68281
1.71562
1.74337
1.76393
1.77738
1.78432
1.78456
1.77708
1.76126
1.73836
1.71185
1.68611
1.66428
1.64715
1.63451
1.62705
1.62635
1.63333
1.64689
1.66426
1.68223
1.69841
1.71201
1.72401
1.73616
1.74925
1.76185
1.77075
1.77261
1.76525
1.74844
1.72416
1.69615
1.66863
1.6445
1.62439
1.60761
1.59363
1.58304
1.57732
1.57799
1.58556
1.59909
1.61646
1.63494
1.65195
1.66528
1.67309
1.67397
1.6675
1.65481
1.63874
1.6231
1.61099
1.60357
1.59956
1.59596
1.58945
1.57766
1.56007
1.53812
1.51488
1.49469
1.48214
1.48022
1.48859
1.50388
1.52176
1.53868
1.55267
1.56319
1.57065
1.57571
1.57849
1.57824
1.57411
1.56664
1.55903
1.55638
1.56272
1.57845
1.60106
1.6273
1.65419
1.67884
1.69841
1.71064
1.71423
1.70905
1.6959
1.67614
1.65136
1.62314
1.59315
1.56314
1.53495
1.51054
1.49261
1.48475
1.49
1.50843
1.53619
1.56744
1.59684
1.62086
1.63784
1.6477
1.65165
1.65177
1.65072
1.65129
1.65591
1.66611
1.68219
1.70312
1.72689
1.75103
1.77302
1.79068
1.80244
1.80775
1.80752
1.80422
1.8013
1.80166
1.80604
1.81266
1.81878
1.82248
1.82336
1.82192
1.81846
1.81259
1.80357
1.79112
1.77564
1.75782
1.73793
1.71545
1.68909
1.65787
1.62268
1.58824
1.56297
1.55501
1.56646
1.59245
1.626
1.66235
1.69922
1.73486
1.76671
1.79167
1.80691
1.81086
1.80356
1.78685
1.764
1.73896
1.71542
1.69574
1.6802
1.667
1.65322
1.6361
1.6144
1.58936
1.56538
1.54908
1.54531
1.55271
1.56437
1.57359
1.57817
1.58019
1.58325
1.58981
1.60005
1.61231
1.62423
1.63382
1.63977
1.6414
1.63843
1.63092
1.61946
1.60569
1.59226
1.58215
1.57745
1.57808
1.58197
1.58616
1.58842
1.58826
1.58679
1.58591
1.58725
1.59156
1.59896
1.60976
1.62522
1.64722
1.67612
1.70912
1.7411
1.76723
1.78478
1.79334
1.79399
1.78849
1.77863
1.76585
1.75112
1.73482
1.71688
1.69696
1.67498
1.65139
1.62718
1.60354
1.58148
1.56193
1.5461
1.53587
1.53342
1.54026
1.55633
1.57976
1.60753
1.63638
1.66363
1.68738
1.70641
1.72017
1.72878
1.73301
1.73404
1.73329
1.73227
1.7323
1.73432
1.73829
1.74282
1.74541
1.74347
1.73537
1.72113
1.70257
1.68305
1.66636
1.65497
1.6488
1.64557
1.64223
1.63611
1.62558
1.61036
1.592
1.57353
1.55864
1.5501
1.54897
1.55488
1.5667
1.58282
1.60103
1.61828
1.63102
1.63621
1.63227
1.61948
1.59977
1.57598
1.55118
1.52835
1.51028
1.49944
1.49761
1.5054
1.52223
1.54653
1.57601
1.60757
1.63739
1.66184
1.6787
1.68778
1.69069
1.69005
1.68827
1.68651
1.68427
1.68023
1.67412
1.66789
1.66492
1.66799
1.67773
1.69248
1.7091
1.72386
1.73342
1.73546
1.72897
1.71396
1.69141
1.66342
1.63343
1.60568
1.58369
1.56909
1.56183
1.5617
1.56923
1.58516
1.60906
1.63873
1.67096
1.70251
1.7307
1.7534
1.76915
1.77727
1.77816
1.77323
1.76431
1.75265
1.73827
1.72051
1.69892
1.67395
1.64677
1.61889
1.59207
1.56852
1.55086
1.54159
1.5423
1.55294
1.57144
1.59417
1.61705
1.63697
1.65241
1.66349
1.6712
1.67677
1.68123
1.68518
1.68875
1.69152
1.69276
1.69194
1.68955
1.68733
1.68746
1.69097
1.69688
1.70262
1.70579
1.70568
1.70361
1.70153
1.70028
1.69928
1.69763
1.69525
1.69309
1.69246
1.69425
1.69832
1.70348
1.70787
1.70966
1.70737
1.70022
1.68808
1.67125
1.6503
1.62614
1.6003
1.57506
1.55307
1.53669
1.5272
1.52437
1.52669
1.5319
1.53728
1.53997
1.53771
1.52983
1.51801
1.50608
1.49899
1.50131
1.51606
1.54416
1.58431
1.63294
1.68439
1.73163
1.76803
1.7895
1.79521
1.78663
1.766
1.73566
1.69864
1.65929
1.6229
1.5945
1.57732
1.57181
1.57562
1.58478
1.59528
1.60459
1.61201
1.61811
1.62365
1.62845
1.63101
1.62914
1.62117
1.60726
1.58998
1.57392
1.56404
1.56328
1.57092
1.58312
1.59481
1.6017
1.60175
1.59541
1.58514
1.57434
1.56572
1.56023
1.55687
1.55377
1.54954
1.54395
1.53755
1.53114
1.52545
1.52131
1.51972
1.52192
1.52947
1.54397
1.56609
1.59465
1.6263
1.65665
1.68179
1.69943
1.70912
1.71197
1.71001
1.7056
1.70104
1.6981
1.69786
1.7006
1.706
1.71327
1.72134
1.729
1.73515
1.73919
1.74117
1.74135
1.73945
1.73426
1.72401
1.70744
1.68464
1.65731
1.62841
1.60123
1.57808
1.55958
1.54529
1.53562
1.53312
1.5405
1.55708
1.5782
1.59804
1.6117
1.61577
1.60979
1.59973
1.59887
1.61782
1.65203
1.68726
1.71391
1.73102
1.74204
1.75052
1.75802
1.76404
1.7671
1.76616
1.76138
1.75411
1.74618
1.73916
1.73408
1.73158
1.73183
1.73435
1.73794
1.74079
1.74111
1.73771
1.73028
1.71924
1.70539
1.68977
1.67382
1.65957
1.64928
1.64429
1.64392
1.64583
1.64791
1.65039
1.65554
1.665
1.67791
1.69166
1.70366
1.71198
1.71579
1.71598
1.71513
1.71613
1.72039
1.7273
1.73452
1.73921
1.73952
1.7359
1.73128
1.72998
1.73542
1.74803
1.7652
1.78305
1.79843
1.80927
1.81397
1.81063
1.79742
1.77361
1.74063
1.70221
1.66361
1.63033
1.60656
1.59395
1.59117
1.5948
1.60081
1.60624
1.60975
1.61154
1.61261
1.61402
1.61657
1.62067
1.62663
1.63462
1.64466
1.65628
1.66842
1.6795
1.68789
1.69238
1.69235
1.688
1.68025
1.67062
1.66058
1.6509
1.64131
1.63091
1.61911
1.60641
1.59478
1.58735
1.58743
1.59713
1.61625
1.64213
1.67066
1.69789
1.7211
1.73916
1.75192
1.7594
1.7614
1.75772
1.74894
1.73704
1.72542
1.71805
1.71814
1.72698
1.74348
1.76458
1.78613
1.80375
1.81355
1.81264
1.79946
1.77376
1.73654
1.69009
1.63796
1.58482
1.53611
1.49765
1.4747
1.47035
1.48409
1.51179
1.54732
1.58463
1.61909
1.6479
1.66988
1.68496
1.69364
1.69661
1.69447
1.68761
1.67595
1.65928
1.6383
1.61564
1.59592
1.58377
1.58086
1.58456
1.58958
1.59089
1.58577
1.57422
1.5585
1.54201
1.52833
1.52074
1.52183
1.53288
1.55314
1.58018
1.61098
1.64282
1.67336
1.70041
1.72198
1.73655
1.74336
1.74237
1.73415
1.7202
1.70331
1.68745
1.6765
1.67225
1.67348
1.67675
1.6784
1.67631
1.67058
1.66301
1.65593
1.65077
1.64742
1.64449
1.6402
1.63305
1.62234
1.60817
1.59135
1.57333
1.55586
1.54046
1.52815
1.51919
1.51325
1.50957
1.50709
1.50458
1.50105
1.49624
1.49086
1.486
1.48228
1.47929
1.47585
1.47094
1.46458
1.45828
1.45498
1.45828
1.47121
1.4945
1.52573
1.56035
1.59387
1.62318
1.6467
1.66366
1.67396
1.67834
1.67875
1.67824
1.68018
1.68691
1.69858
1.71282
1.72607
1.7357
1.74121
1.74379
1.74466
1.74391
1.7406
1.73393
1.72426
1.71327
1.70313
1.69498
1.68782
1.67908
1.66623
1.64794
1.62445
1.59768
1.57108
1.54873
1.53421
1.52942
1.53424
1.54689
1.56496
1.58599
1.60768
1.62798
1.64532
1.65882
1.66825
1.67416
1.67794
1.68183
1.68818
1.69806
1.7106
1.72375
1.73545
1.74429
1.74947
1.75084
1.74919
1.74622
1.74357
1.74188
1.74046
1.73786
1.73289
1.72534
1.71596
1.70586
1.69586
1.686
1.67547
1.6628
1.64661
1.62644
1.60341
1.58045
1.56138
1.54957
1.54651
1.55149
1.56223
1.57576
1.58931
1.60095
1.60988
1.61628
1.62048
1.62248
1.62185
1.61841
1.61267
1.60567
1.59848
1.59203
1.58729
1.58563
1.58877
1.59812
1.61387
1.63458
1.65755
1.67976
1.69888
1.7137
1.72415
1.73081
1.73435
1.73506
1.73314
1.72916
1.72443
1.72066
1.7191
1.71988
1.72189
1.72328
1.72227
1.71793
1.71049
1.70132
1.69242
1.68581
1.68301
1.68451
1.68946
1.69573
1.70037
1.70041
1.69367
1.6794
1.65856
1.63354
1.60759
1.58382
1.56458
1.55134
1.54497
1.54586
1.55368
1.56739
1.58538
1.60602
1.62804
1.65059
1.67305
1.69499
1.71598
1.73581
1.75426
1.77072
1.78381
1.79156
1.79222
1.78505
1.77099
1.75255
1.73314
1.71605
1.70347
1.6958
1.69172
1.68866
1.68377
1.67487
1.66114
1.64377
1.62615
1.61325
1.6097
1.61741
1.63448
1.65636
1.67816
1.69646
1.70983
1.71839
1.72316
1.7254
1.72616
1.72566
1.7231
1.71672
1.70464
1.68564
1.65995
1.62936
1.59684
1.56596
1.5405
1.52466
1.52345
1.54101
1.57694
1.62445
1.67383
1.71709
1.74992
1.77108
1.78124
1.78228
1.77674
1.76735
1.7564
1.74531
1.73447
1.72343
1.71125
1.69687
1.67966
1.65975
1.63826
1.61718
1.59872
1.58461
1.57561
1.57159
1.57172
1.57447
1.57768
1.5789
1.57605
1.56859
1.55862
1.5513
1.55311
1.56811
1.59498
1.62808
1.66106
1.68953
1.71165
1.72744
1.7381
1.74518
1.75004
1.75328
1.75449
1.75245
1.74562
1.73274
1.71338
1.68827
1.65943
1.63006
1.60439
1.58686
1.58086
1.58733
1.60389
1.62518
1.6445
1.65599
1.6563
1.64518
1.62506
1.59991
1.57416
1.5519
1.5364
1.52991
1.53313
1.545
1.56308
1.5848
1.6085
1.63334
1.65868
1.68342
1.70591
1.7245
1.73819
1.74681
1.75062
1.7498
1.7442
1.73345
1.71735
1.69637
1.67192
1.64631
1.62239
1.60313
1.59125
1.5886
1.5955
1.61027
1.62968
1.65023
1.6689
1.68333
1.69173
1.69302
1.68705
1.67485
1.65865
1.64146
1.62634
1.61552
1.60982
1.6089
1.61173
1.6171
1.62361
1.62979
1.63447
1.63711
1.63784
1.63716
1.63571
1.63445
1.63477
1.63809
1.64489
1.65395
1.66231
1.66601
1.66128
1.64584
1.62029
1.58945
1.563
1.55226
1.56221
1.58708
1.61641
1.64366
1.66847
1.69399
1.72309
1.75582
1.78937
1.81968
1.84338
1.85886
1.86629
1.86683
1.86174
1.85176
1.83727
1.81877
1.79741
1.77498
1.75347
1.73417
1.71718
1.70153
1.68599
1.67004
1.65453
1.64153
1.63357
1.63218
1.63681
1.64479
1.65252
1.65725
1.65854
1.65829
1.6595
1.66433
1.67305
1.68433
1.69656
1.70906
1.72275
1.73958
1.76095
1.78637
1.81347
1.83876
1.85868
1.87031
1.87169
1.86222
1.84277
1.81595
1.78571
1.75646
1.7324
1.71691
1.71178
1.71614
1.72618
1.73702
1.74521
1.74994
1.75243
1.75442
1.75698
1.76011
1.76284
1.76366
1.76123
1.75521
1.74655
1.73678
1.72675
1.71591
1.70281
1.68615
1.66558
1.64214
1.61831
1.59764
1.58402
1.58037
1.58782
1.6053
1.62978
1.65677
1.68157
1.70077
1.71323
1.72005
1.72348
1.72587
1.72873
1.73217
1.73498
1.73549
1.73248
1.72548
1.71474
1.70105
1.68572
1.67051
1.65739
1.64841
1.64518
1.64837
1.65734
1.67006
1.68346
1.694
1.69866
1.69582
1.68593
1.67122
1.65481
1.64003
1.63022
1.62844
1.63676
1.65543
1.68227
1.71318
1.74348
1.76921
1.78776
1.79773
1.79866
1.79057
1.77368
1.74846
1.716
1.6785
