-5.00765
-5.00015
-4.99656
-4.99994
-5.01258
-5.0305
-5.05035
-5.06714
-5.07806
-5.08324
-5.08104
-5.07389
-5.06258
-5.04857
-5.03429
-5.02011
-5.00498
-4.99148
-4.97725
-4.96249
-4.95265
-4.94847
-4.9517
-4.96338
-4.98295
-5.00879
-5.0365
-5.0636
-5.08625
-5.10342
-5.11417
-5.11665
-5.10802
-5.09218
-5.06966
-5.0422
-5.01617
-4.99081
-4.96934
-4.95383
-4.94224
-4.93323
-4.92504
-4.91768
-4.91002
-4.90154
-4.89252
-4.88597
-4.88093
-4.87833
-4.87955
-4.88523
-4.89289
-4.90546
-4.91645
-4.92581
-4.93323
-4.94236
-4.95372
-4.96817
-4.9848
-5.00204
-5.01965
-5.03591
-5.04863
-5.05956
-5.06835
-5.07463
-5.07674
-5.0737
-5.06506
-5.05174
-5.036
-5.01947
-5.00207
-4.98729
-4.97505
-4.96831
-4.96848
-4.97272
-4.98087
-4.99396
-5.01198
-5.03281
-5.05238
-5.0689
-5.08068
-5.08553
-5.08498
-5.07883
-5.0704
-5.06088
-5.05509
-5.05217
-5.05254
-5.05446
-5.05281
-5.04809
-5.03928
-5.02789
-5.01783
-5.00772
-4.99944
-4.99065
-4.97668
-4.95502
-4.92844
-4.8988
-4.87299
-4.85219
-4.83746
-4.83282
-4.83787
-4.855
-4.88234
-4.91591
-4.95371
-4.98963
-5.02493
-5.05433
-5.07755
-5.09468
-5.10377
-5.10644
-5.10111
-5.08959
-5.0719
-5.05
-5.03014
-5.0158
-5.00726
-5.00501
-5.0056
-5.00628
-5.00333
-4.99428
-4.97999
-4.96204
-4.94476
-4.9315
-4.9191
-4.90809
-4.8989
-4.8915
-4.88576
-4.88662
-4.89414
-4.9045
-4.91923
-4.93138
-4.93886
-4.93877
-4.93241
-4.92179
-4.91215
-4.91033
-4.91701
-4.93643
-4.9644
-4.99945
-5.03801
-5.0733
-5.09939
-5.11454
-5.11844
-5.11262
-5.09828
-5.07606
-5.04925
-5.02085
-4.99361
-4.97392
-4.96334
-4.96795
-4.98723
-5.01669
-5.05297
-5.08997
-5.12142
-5.14509
-5.15704
-5.15632
-5.14334
-5.12374
-5.09906
-5.07266
-5.04685
-5.02239
-4.99789
-4.97728
-4.95676
-4.94046
-4.92454
-4.91195
-4.90166
-4.89599
-4.89713
-4.90532
-4.91643
-4.92908
-4.94015
-4.94904
-4.95636
-4.96387
-4.96997
-4.97662
-4.98293
-4.99006
-4.99689
-5.00516
-5.01233
-5.01819
-5.02335
-5.02661
-5.02627
-5.02367
-5.01981
-5.01487
-5.00893
-5.00271
-4.99496
-4.98475
-4.97274
-4.95999
-4.94515
-4.92936
-4.91536
-4.90218
-4.88975
-4.88144
-4.87539
-4.87509
-4.88017
-4.89496
-4.91867
-4.94525
-4.9707
-4.99306
-5.00811
-5.01735
-5.0205
-5.02056
-5.0175
-5.0126
-5.00776
-5.00005
-4.99191
-4.98241
-4.97303
-4.96274
-4.95191
-4.94093
-4.9314
-4.92648
-4.9272
-4.9334
-4.94653
-4.96635
-4.99265
-5.02329
-5.05373
-5.0806
-5.10133
-5.11591
-5.11989
-5.11459
-5.10028
-5.07703
-5.04625
-5.01067
-4.97218
-4.93216
-4.89583
-4.86649
-4.84536
-4.83242
-4.82729
-4.82912
-4.83406
-4.8418
-4.85134
-4.85895
-4.86561
-4.87077
-4.87448
-4.87725
-4.87928
-4.87941
-4.87786
-4.87764
-4.87875
-4.88144
-4.88318
-4.88556
-4.88717
-4.88933
-4.89175
-4.8951
-4.90092
-4.90958
-4.91871
-4.92606
-4.93485
-4.94227
-4.94845
-4.95331
-4.95902
-4.96391
-4.97057
-4.97839
-4.98721
-4.99649
-5.00697
-5.01897
-5.03166
-5.04331
-5.05431
-5.06438
-5.07052
-5.0757
-5.07565
-5.06847
-5.05643
-5.03847
-5.01697
-4.99706
-4.98131
-4.96874
-4.95876
-4.95009
-4.94027
-4.92943
-4.91873
-4.91169
-4.90997
-4.91432
-4.92439
-4.93792
-4.95438
-4.96764
-4.97796
-4.98242
-4.98179
-4.97587
-4.96774
-4.95741
-4.9464
-4.94001
-4.93823
-4.94106
-4.94703
-4.95298
-4.95762
-4.9611
-4.96116
-4.96025
-4.96032
-4.96367
-4.97133
-4.98148
-4.9938
-5.00598
-5.01516
-5.01913
-5.01672
-5.00979
-5.00052
-4.99233
-4.98401
-4.97619
-4.96923
-4.96352
-4.95938
-4.96014
-4.96664
-4.97387
-4.9815
-4.98783
-4.99105
-4.99085
-4.99355
-4.99808
-5.00902
-5.02757
-5.05165
-5.07813
-5.10262
-5.12032
-5.13071
-5.13306
-5.13024
-5.12263
-5.11306
-5.10329
-5.0956
-5.08883
-5.08591
-5.08222
-5.07834
-5.07478
-5.06932
-5.0618
-5.05378
-5.04822
-5.04388
-5.04431
-5.04723
-5.0479
-5.04178
-5.02846
-5.0121
-4.9944
-4.98127
-4.97306
-4.97295
-4.98161
-4.99462
-5.00928
-5.02407
-5.03699
-5.04199
-5.04177
-5.03568
-5.02761
-5.02256
-5.02185
-5.02743
-5.03724
-5.04821
-5.05701
-5.0637
-5.06738
-5.06875
-5.06969
-5.0733
-5.07777
-5.08313
-5.091
-5.10063
-5.1132
-5.12354
-5.12961
-5.13103
-5.12721
-5.12273
-5.11817
-5.11457
-5.11372
-5.11576
-5.11904
-5.12308
-5.12567
-5.12432
-5.11762
-5.10719
-5.09114
-5.07016
-5.04429
-5.01782
-4.99094
-4.96902
-4.95515
-4.95608
-4.97393
-5.00823
-5.05335
-5.10092
-5.14253
-5.17427
-5.19057
-5.19548
-5.18894
-5.17336
-5.15221
-5.12651
-5.10014
-5.07393
-5.05113
-5.0318
-5.01566
-5.0036
-4.99228
-4.98243
-4.96975
-4.95951
-4.9496
-4.94451
-4.94425
-4.94832
-4.95799
-4.9733
-4.99365
-5.01644
-5.0426
-5.07033
-5.10006
-5.12926
-5.15462
-5.17754
-5.19598
-5.20672
-5.21025
-5.20769
-5.19499
-5.17511
-5.14753
-5.11582
-5.08102
-5.04822
-5.02004
-4.99913
-4.98637
-4.98284
-4.98569
-4.99815
-5.01562
-5.03374
-5.04684
-5.049
-5.03841
-5.02155
-5.00836
-5.00406
-5.00963
-5.01936
-5.02781
-5.03183
-5.02905
-5.02118
-5.01253
-5.00537
-5.00677
-5.01497
-5.02946
-5.04698
-5.06477
-5.07908
-5.09113
-5.10372
-5.11599
-5.13081
-5.1432
-5.14944
-5.14666
-5.13214
-5.10616
-5.07841
-5.05236
-5.03586
-5.02865
-5.02624
-5.0236
-5.01729
-5.0073
-4.99439
-4.98224
-4.97614
-4.9754
-4.97882
-4.98595
-4.99275
-4.9953
-4.99333
-4.99091
-4.98673
-4.98557
-4.98831
-4.99361
-5.00284
-5.01368
-5.02623
-5.03837
-5.04881
-5.05373
-5.05175
-5.04333
-5.02768
-5.00764
-4.9847
-4.96436
-4.94908
-4.94272
-4.94553
-4.95963
-4.98028
-5.00299
-5.02147
-5.03608
-5.04362
-5.04607
-5.04858
-5.05418
-5.06412
-5.07649
-5.08805
-5.09726
-5.09991
-5.09657
-5.08664
-5.07032
-5.04735
-5.02011
-4.99238
-4.96618
-4.94571
-4.93285
-4.92614
-4.92494
-4.93177
-4.94269
-4.95594
-4.96806
-4.97655
-4.97852
-4.97386
-4.96439
-4.95339
-4.94587
-4.9425
-4.94186
-4.94433
-4.94567
-4.94471
-4.94118
-4.93759
-4.93292
-4.9294
-4.92592
-4.92525
-4.92667
-4.93115
-4.94048
-4.95201
-4.97058
-4.99208
-5.01599
-5.03918
-5.05799
-5.07268
-5.07969
-5.08176
-5.07727
-5.06884
-5.05826
-5.04807
-5.04121
-5.03677
-5.03732
-5.03875
-5.04056
-5.03837
-5.03193
-5.01791
-4.99813
-4.97231
-4.9461
-4.92029
-4.89915
-4.88287
-4.87509
-4.88151
-4.9031
-4.94215
-4.99383
-5.04999
-5.10267
-5.14482
-5.17446
-5.18744
-5.18294
-5.16369
-5.12928
-5.08419
-5.0318
-4.97981
-4.93765
-4.91142
-4.90297
-4.90626
-4.91374
-4.92531
-4.93917
-4.95429
-4.96914
-4.98131
-4.98656
-4.98637
-4.9818
-4.97739
-4.97592
-4.98197
-4.99674
-5.0206
-5.04899
-5.07901
-5.10521
-5.12656
-5.14063
-5.14699
-5.14708
-5.13999
-5.12595
-5.10698
-5.08287
-5.05635
-5.0295
-5.00671
-4.99035
-4.98286
-4.98725
-4.99985
-5.01938
-5.04096
-5.0622
-5.07949
-5.09232
-5.10117
-5.10702
-5.10952
-5.10893
-5.10481
-5.09818
-5.0874
-5.07295
-5.05677
-5.04309
-5.03374
-5.03118
-5.03459
-5.04532
-5.05906
-5.07493
-5.08717
-5.09692
-5.10346
-5.10676
-5.10893
-5.11082
-5.11273
-5.11318
-5.11281
-5.11002
-5.10579
-5.10206
-5.10057
-5.10201
-5.10786
-5.11684
-5.12789
-5.1376
-5.14494
-5.14894
-5.14849
-5.14252
-5.12915
-5.10964
-5.08559
-5.05691
-5.02626
-4.99453
-4.97092
-4.95808
-4.96408
-4.9857
-5.0217
-5.06602
-5.11306
-5.15572
-5.18986
-5.20825
-5.21194
-5.20023
-5.17796
-5.1484
-5.11651
-5.08669
-5.05944
-5.03554
-5.01531
-4.99789
-4.98483
-4.97414
-4.96669
-4.96189
-4.96141
-4.96497
-4.97341
-4.98607
-5.00343
-5.0232
-5.04215
-5.06017
-5.07448
-5.08554
-5.0911
-5.09306
-5.08984
-5.08149
-5.06774
-5.05079
-5.03056
-5.01186
-4.99604
-4.98206
-4.97053
-4.96451
-4.96839
-4.98247
-5.00784
-5.04228
-5.08332
-5.12455
-5.16305
-5.19572
-5.22085
-5.23597
-5.24171
-5.24448
-5.24118
-5.23287
-5.21755
-5.19682
-5.16877
-5.13336
-5.09018
-5.04358
-4.99623
-4.9554
-4.92928
-4.92073
-4.92944
-4.94861
-4.97182
-4.99175
-5.00504
-5.01052
-5.01077
-5.00399
-4.99348
-4.98033
-4.96637
-4.95404
-4.94533
-4.94084
-4.94267
-4.94678
-4.95274
-4.95664
-4.95375
-4.94384
-4.9294
-4.91343
-4.90058
-4.8943
-4.89419
-4.9024
-4.91648
-4.93397
-4.95039
-4.96574
-4.98126
-4.99527
-5.00987
-5.0234
-5.03397
-5.04252
-5.04883
-5.0522
-5.05234
-5.05015
-5.04436
-5.03742
-5.02668
-5.01455
-5.00307
-4.99318
-4.98991
-4.99396
-5.00228
-5.01421
-5.0261
-5.03666
-5.04264
-5.04483
-5.03914
-5.02577
-5.0048
-4.97847
-4.94956
-4.92148
-4.90104
-4.89174
-4.89423
-4.9073
-4.9265
-4.94944
-4.97259
-4.99499
-5.01603
-5.03387
-5.05041
-5.06787
-5.08608
-5.10777
-5.1277
-5.14548
-5.15581
-5.15995
-5.15553
-5.1458
-5.1338
-5.12346
-5.1167
-5.11241
-5.10775
-5.10465
-5.10155
-5.09773
-5.09245
-5.08516
-5.0749
-5.06251
-5.04405
-5.02501
-5.00419
-4.98071
-4.95292
-4.92375
-4.8964
-4.8735
-4.85752
-4.85151
-4.85341
-4.86469
-4.88349
-4.90525
-4.92662
-4.94678
-4.96342
-4.98016
-4.99509
-5.01238
-5.03558
-5.06349
-5.09272
-5.12005
-5.14202
-5.15699
-5.1611
-5.15848
-5.1488
-5.13234
-5.11567
-5.09859
-5.08232
-5.06844
-5.0577
-5.05001
-5.04549
-5.04402
-5.04131
-5.03298
-5.01706
-4.99186
-4.96085
-4.93378
-4.91879
-4.9211
-4.93755
-4.96212
-4.98828
-5.00616
-5.01246
-5.00629
-4.98958
-4.96553
-4.93872
-4.91401
-4.89879
-4.89201
-4.8939
-4.90279
-4.91563
-4.93274
-4.95174
-4.96975
-4.98667
-4.99896
-5.00792
-5.01288
-5.01566
-5.0196
-5.0258
-5.03634
-5.05186
-5.07418
-5.09916
-5.1267
-5.15016
-5.16933
-5.18163
-5.18582
-5.18554
-5.17694
-5.16433
-5.1475
-5.12429
-5.09731
-5.06604
-5.03252
-4.99992
-4.97386
-4.96017
-4.96176
-4.97774
-5.00149
-5.02514
-5.0439
-5.05484
-5.05768
-5.05539
-5.05123
-5.04893
-5.04809
-5.05165
-5.05817
-5.06702
-5.07647
-5.08415
-5.09027
-5.09575
-5.09945
-5.1019
-5.10345
-5.10423
-5.10437
-5.10655
-5.11284
-5.12525
-5.13954
-5.15628
-5.17138
-5.18165
-5.18319
-5.17613
-5.15491
-5.12137
-5.07545
-5.02087
-4.9649
-4.91484
-4.88231
-4.87437
-4.89068
-4.92802
-4.98
-5.03718
-5.0912
-5.13712
-5.17316
-5.19483
-5.20063
-5.18862
-5.16284
-5.12658
-5.08823
-5.05644
-5.03381
-5.02157
-5.01911
-5.02575
-5.04069
-5.06383
-5.08986
-5.11644
-5.14029
-5.15955
-5.17062
-5.17456
-5.1691
-5.15477
-5.13111
-5.10069
-5.06694
-5.03558
-5.01277
-5.00197
-5.00096
-5.00713
-5.01565
-5.02674
-5.03447
-5.03895
-5.03479
-5.02266
-5.0026
-4.97695
-4.94673
-4.91736
-4.89219
-4.87502
-4.86628
-4.86622
-4.87264
-4.88054
-4.88669
-4.89092
-4.89307
-4.89397
-4.89504
-4.89975
-4.90489
-4.9126
-4.92183
-4.93122
-4.94381
-4.95792
-4.97405
-4.98852
-5.00095
-5.01254
-5.01963
-5.02532
-5.02704
-5.02533
-5.01908
-5.00877
-4.99199
-4.96898
-4.94305
-4.91887
-4.89892
-4.88887
-4.88972
-4.90159
-4.9189
-4.93453
-4.94037
-4.93736
-4.92479
-4.90765
-4.89016
-4.87844
-4.87154
-4.87097
-4.87551
-4.88537
-4.89915
-4.91786
-4.93822
-4.96148
-4.98487
-5.00442
-5.01895
-5.02631
-5.0267
-5.02223
-5.01344
-5.00591
-4.9966
-4.99065
-4.98749
-4.98929
-4.99571
-5.00468
-5.01649
-5.02736
-5.03344
-5.02872
-5.01253
-4.9865
-4.95641
-4.92911
-4.90828
-4.89756
-4.89731
-4.90285
-4.91446
-4.92716
-4.93873
-4.94806
-4.95498
-4.96041
-4.96583
-4.97488
-4.98677
-5.00047
-5.01642
-5.0366
-5.06013
-5.08664
-5.11242
-5.13627
-5.15538
-5.16925
-5.17986
-5.18341
-5.18054
-5.17108
-5.1525
-5.12909
-5.10382
-5.08174
-5.06713
-5.05847
-5.05623
-5.05567
-5.05476
-5.0538
-5.05247
-5.05201
-5.05148
-5.05098
-5.04485
-5.03278
-5.01343
-4.99424
-4.97718
-4.96686
-4.96617
-4.97152
-4.98287
-4.99376
-4.99986
-4.9997
-4.99371
-4.98492
-4.97226
-4.95808
-4.94479
-4.93338
-4.92387
-4.91961
-4.92214
-4.9299
-4.94056
-4.95203
-4.96419
-4.97315
-4.98018
-4.98323
-4.98193
-4.97821
-4.97021
-4.96171
-4.95223
-4.94271
-4.93388
-4.92428
-4.91203
-4.89861
-4.88222
-4.8676
-4.85853
-4.85712
-4.86558
-4.88216
-4.89996
-4.9142
-4.92012
-4.91921
-4.91185
-4.90373
-4.89777
-4.89731
-4.90218
-4.9085
-4.91577
-4.92523
-4.93782
-4.95764
-4.98197
-5.0076
-5.03334
-5.05785
-5.08124
-5.1045
-5.12423
-5.14069
-5.15188
-5.1549
-5.14877
-5.13115
-5.10623
-5.07684
-5.05034
-5.03476
-5.03329
-5.04581
-5.06532
-5.08831
-5.10777
-5.12218
-5.13098
-5.13213
-5.12701
-5.1183
-5.10901
-5.09928
-5.09165
-5.08832
-5.08544
-5.08859
-5.09301
-5.09869
-5.10532
-5.11094
-5.11264
-5.10993
-5.10131
-5.09027
-5.07629
-5.06099
-5.04733
-5.03629
-5.02922
-5.02757
-5.02999
-5.03624
-5.04329
-5.04978
-5.05524
-5.05611
-5.05215
-5.04219
-5.02785
-5.01028
-4.99292
-4.98033
-4.97769
-4.99063
-5.01585
-5.04892
-5.08158
-5.10813
-5.12824
-5.14093
-5.14711
-5.14796
-5.14048
-5.12466
-5.10176
-5.07555
-5.05026
-5.02843
-5.01054
-4.99776
-4.99014
-4.98959
-4.99582
-5.00968
-5.02675
-5.04562
-5.06165
-5.0748
-5.08605
-5.09895
-5.11189
-5.12434
-5.13324
-5.13586
-5.1288
-5.11199
-5.08755
-5.06045
-5.03187
-5.00789
-4.98749
-4.97055
-4.95672
-4.94688
-4.94192
-4.94274
-4.95076
-4.9649
-4.98227
-5.00091
-5.01806
-5.0311
-5.0386
-5.04025
-5.03423
-5.02213
-5.00652
-4.99087
-4.97846
-4.97029
-4.96673
-4.96359
-4.95648
-4.94499
-4.9277
-4.90454
-4.88085
-4.8611
-4.84886
-4.84663
-4.85515
-4.87075
-4.88909
-4.90646
-4.91985
-4.93051
-4.93828
-4.94334
-4.94537
-4.94482
-4.94083
-4.93411
-4.92711
-4.92476
-4.9314
-4.94653
-4.96899
-4.99599
-5.02303
-5.04737
-5.0668
-5.07903
-5.08308
-5.07789
-5.06504
-5.04528
-5.02125
-4.99244
-4.96214
-4.93243
-4.90409
-4.87922
-4.86174
-4.85297
-4.85883
-4.87665
-4.90307
-4.93401
-4.96311
-4.98743
-5.00411
-5.01367
-5.01837
-5.01849
-5.01744
-5.01771
-5.02187
-5.03283
-5.04921
-5.07105
-5.09573
-5.11942
-5.14081
-5.15802
-5.16977
-5.17509
-5.17515
-5.17169
-5.16877
-5.16974
-5.17488
-5.18164
-5.18822
-5.19132
-5.1922
-5.19045
-5.1873
-5.18112
-5.1724
-5.1601
-5.14403
-5.12439
-5.10511
-5.08277
-5.05658
-5.02671
-4.99151
-4.95797
-4.93346
-4.9261
-4.9374
-4.96249
-4.99635
-5.03345
-5.07154
-5.10702
-5.13827
-5.16368
-5.17968
-5.18363
-5.17603
-5.15962
-5.13737
-5.11203
-5.08909
-5.06926
-5.05326
-5.04021
-5.02538
-5.00781
-4.98611
-4.96047
-4.93693
-4.91987
-4.91702
-4.92426
-4.93638
-4.94561
-4.94957
-4.95114
-4.95571
-4.96288
-4.97372
-4.98599
-4.99745
-5.00689
-5.01314
-5.01522
-5.01075
-5.00354
-4.99238
-4.9783
-4.96381
-4.95341
-4.94734
-4.94768
-4.95187
-4.95591
-4.95878
-4.95936
-4.95683
-4.95656
-4.95775
-4.96161
-4.96825
-4.97844
-4.9936
-5.01515
-5.0439
-5.07735
-5.10948
-5.13576
-5.15302
-5.16233
-5.16268
-5.15748
-5.14746
-5.13484
-5.1198
-5.10471
-5.08617
-5.0667
-5.04548
-5.02189
-4.99723
-4.97253
-4.94957
-4.93001
-4.91418
-4.90486
-4.90285
-4.90985
-4.92622
-4.94965
-4.97817
-5.00734
-5.03444
-5.05728
-5.07676
-5.08991
-5.09913
-5.10245
-5.10242
-5.10137
-5.09929
-5.09993
-5.10179
-5.10501
-5.10924
-5.11168
-5.11005
-5.10074
-5.08574
-5.06733
-5.04826
-5.03126
-5.01972
-5.01386
-5.01078
-5.00819
-5.00284
-4.99291
-4.97769
-4.95977
-4.94131
-4.92581
-4.91681
-4.91628
-4.9228
-4.93357
-4.95014
-4.96775
-4.98439
-4.99683
-5.00188
-4.99763
-4.98514
-4.96618
-4.94149
-4.91714
-4.89355
-4.87594
-4.8657
-4.86402
-4.87181
-4.88803
-4.91324
-4.94212
-4.97398
-5.00411
-5.02751
-5.04527
-5.05389
-5.05711
-5.05737
-5.05544
-5.05443
-5.05249
-5.04891
-5.04159
-5.03536
-5.03148
-5.03425
-5.04429
-5.0589
-5.07491
-5.08937
-5.09833
-5.09931
-5.09463
-5.07948
-5.05768
-5.02969
-4.9997
-4.9727
-4.9498
-4.93625
-4.9287
-4.92902
-4.93549
-4.95233
-4.97638
-5.00575
-5.03888
-5.06969
-5.09788
-5.12027
-5.13481
-5.14293
-5.14383
-5.1392
-5.12891
-5.1165
-5.10197
-5.0833
-5.06186
-5.0381
-5.01062
-4.98258
-4.95637
-4.93267
-4.91501
-4.90559
-4.90645
-4.91678
-4.93559
-4.95847
-4.98075
-5.00142
-5.01687
-5.02749
-5.03656
-5.04213
-5.04689
-5.05009
-5.05426
-5.05688
-5.05842
-5.05835
-5.05642
-5.05466
-5.05478
-5.05889
-5.06617
-5.07176
-5.07554
-5.07573
-5.07305
-5.07067
-5.06942
-5.06767
-5.06586
-5.06287
-5.06072
-5.05978
-5.06263
-5.067
-5.07276
-5.07701
-5.07819
-5.07515
-5.06845
-5.0554
-5.03767
-5.01808
-4.99316
-4.96732
-4.94223
-4.92024
-4.9037
-4.89377
-4.89018
-4.89295
-4.89893
-4.9046
-4.9076
-4.90564
-4.89943
-4.88835
-4.87748
-4.87009
-4.87195
-4.88655
-4.91465
-4.9542
-5.00223
-5.05384
-5.10123
-5.13793
-5.16016
-5.16571
-5.15653
-5.13529
-5.1051
-5.06944
-5.03024
-4.99414
-4.96544
-4.9472
-4.94154
-4.94476
-4.95346
-4.96321
-4.97313
-4.98009
-4.98588
-4.99203
-4.99713
-4.99985
-4.99738
-4.9888
-4.97489
-4.95791
-4.94169
-4.93106
-4.92939
-4.93673
-4.94924
-4.96123
-4.96782
-4.96817
-4.96183
-4.95126
-4.93985
-4.93183
-4.92725
-4.92374
-4.92154
-4.91838
-4.91293
-4.90669
-4.90042
-4.89428
-4.8906
-4.88855
-4.89151
-4.89891
-4.91416
-4.93704
-4.96545
-4.99725
-5.027
-5.05154
-5.06963
-5.07916
-5.08232
-5.08051
-5.07489
-5.06896
-5.06618
-5.06563
-5.06747
-5.07256
-5.07983
-5.08836
-5.09557
-5.10263
-5.10712
-5.10789
-5.10943
-5.10814
-5.1037
-5.09391
-5.07794
-5.05424
-5.02705
-4.9977
-4.97007
-4.94692
-4.92842
-4.91382
-4.90355
-4.90165
-4.90843
-4.92486
-4.94568
-4.96508
-4.97919
-4.98372
-4.97819
-4.96781
-4.9668
-4.98605
-5.01982
-5.0546
-5.08049
-5.097
-5.10847
-5.11801
-5.12595
-5.13182
-5.13383
-5.13289
-5.12856
-5.12189
-5.11472
-5.10588
-5.10186
-5.09952
-5.09946
-5.10183
-5.10527
-5.10812
-5.10875
-5.10549
-5.09867
-5.08732
-5.07332
-5.05891
-5.04266
-5.02841
-5.01812
-5.01252
-5.01231
-5.01482
-5.01751
-5.01938
-5.02453
-5.0355
-5.04962
-5.06232
-5.07401
-5.08264
-5.0869
-5.08754
-5.08579
-5.08618
-5.09014
-5.09584
-5.10381
-5.1082
-5.10776
-5.10414
-5.09951
-5.09745
-5.10365
-5.11596
-5.13222
-5.15054
-5.16576
-5.17691
-5.18251
-5.17887
-5.16596
-5.14245
-5.10963
-5.06954
-5.03139
-4.99872
-4.97449
-4.96142
-4.96001
-4.96454
-4.97056
-4.97614
-4.97919
-4.98083
-4.98084
-4.98271
-4.98556
-4.99012
-4.99622
-5.00346
-5.01304
-5.02481
-5.0371
-5.04758
-5.05583
-5.06076
-5.06179
-5.05653
-5.0494
-5.03976
-5.03033
-5.02019
-5.01045
-4.9999
-4.9878
-4.97571
-4.96437
-4.95725
-4.95777
-4.96838
-4.98675
-5.01127
-5.04026
-5.06673
-5.08949
-5.10801
-5.12061
-5.12794
-5.12979
-5.12671
-5.11703
-5.10604
-5.09502
-5.08749
-5.08788
-5.09642
-5.11277
-5.13493
-5.15678
-5.17411
-5.18345
-5.1821
-5.16892
-5.14351
-5.10569
-5.05848
-5.0059
-4.9523
-4.90329
-4.86437
-4.84126
-4.83691
-4.85081
-4.87851
-4.91359
-4.9503
-4.98567
-5.01342
-5.03616
-5.05048
-5.05871
-5.06152
-5.05894
-5.05147
-5.03951
-5.02163
-5.0011
-4.97768
-4.95886
-4.94686
-4.94486
-4.94962
-4.95494
-4.95581
-4.95054
-4.93853
-4.92327
-4.90797
-4.89369
-4.88656
-4.88629
-4.89748
-4.91775
-4.9454
-4.97559
-5.00698
-5.03736
-5.06441
-5.08583
-5.10192
-5.10873
-5.10758
-5.09967
-5.08617
-5.06853
-5.05236
-5.04035
-5.03565
-5.03643
-5.04015
-5.0415
-5.04032
-5.03534
-5.02747
-5.02008
-5.01522
-5.01248
-5.01137
-5.00647
-4.99978
-4.98982
-4.9752
-4.95793
-4.93976
-4.92228
-4.90613
-4.89518
-4.88576
-4.87922
-4.87554
-4.87276
-4.8704
-4.86777
-4.86251
-4.85622
-4.85167
-4.84749
-4.84572
-4.84243
-4.83736
-4.83055
-4.8241
-4.82155
-4.8253
-4.83778
-4.86213
-4.89411
-4.92859
-4.96241
-4.99052
-5.01343
-5.03008
-5.04068
-5.04386
-5.04501
-5.0442
-5.04629
-5.05302
-5.06515
-5.07924
-5.09188
-5.10197
-5.10823
-5.11126
-5.11305
-5.11214
-5.10868
-5.10186
-5.0934
-5.08255
-5.07393
-5.06578
-5.05817
-5.04897
-5.03598
-5.01694
-4.99298
-4.96561
-4.93871
-4.91696
-4.9032
-4.89629
-4.90095
-4.91376
-4.93107
-4.95196
-4.97379
-4.99379
-5.01219
-5.02629
-5.03678
-5.04284
-5.04541
-5.04855
-5.05505
-5.06357
-5.07717
-5.08987
-5.10353
-5.11132
-5.11559
-5.11726
-5.11622
-5.11279
-5.10998
-5.1083
-5.10719
-5.10564
-5.10112
-5.09463
-5.0854
-5.0753
-5.06409
-5.05303
-5.04234
-5.02952
-5.01304
-4.99241
-4.96923
-4.94641
-4.9287
-4.9172
-4.91429
-4.91942
-4.93016
-4.9446
-4.9583
-4.96949
-4.97902
-4.98542
-4.98811
-4.99102
-4.9913
-4.98725
-4.98287
-4.97602
-4.96823
-4.96132
-4.95628
-4.95431
-4.95776
-4.96695
-4.98331
-5.00357
-5.02639
-5.0486
-5.06802
-5.08194
-5.09314
-5.0995
-5.10394
-5.10466
-5.10093
-5.09664
-5.09251
-5.08844
-5.08703
-5.08796
-5.08892
-5.09076
-5.09081
-5.08662
-5.08023
-5.07122
-5.06307
-5.05661
-5.05366
-5.05501
-5.0595
-5.06608
-5.06936
-5.07016
-5.06327
-5.04825
-5.02846
-5.00329
-4.97764
-4.95387
-4.93432
-4.91987
-4.91381
-4.91485
-4.92237
-4.93517
-4.95241
-4.97275
-4.99613
-5.01867
-5.04174
-5.06368
-5.08361
-5.10299
-5.12129
-5.13881
-5.15054
-5.15799
-5.1588
-5.15073
-5.13711
-5.11837
-5.09971
-5.08338
-5.0714
-5.06388
-5.05844
-5.05538
-5.05065
-5.04129
-5.02832
-5.01004
-4.99272
-4.98057
-4.97747
-4.98579
-5.00347
-5.02581
-5.04791
-5.06591
-5.07943
-5.08799
-5.0926
-5.0947
-5.09575
-5.09541
-5.0933
-5.08798
-5.07605
-5.0566
-5.03152
-5.00047
-4.9681
-4.93767
-4.9119
-4.89516
-4.89363
-4.91104
-4.94623
-4.99329
-5.04267
-5.08699
-5.11921
-5.14037
-5.15023
-5.15066
-5.14528
-5.13482
-5.12387
-5.11339
-5.1027
-5.09197
-5.07933
-5.0651
-5.04805
-5.02722
-5.00634
-4.98677
-4.96816
-4.95359
-4.94459
-4.93937
-4.9392
-4.94164
-4.94441
-4.94593
-4.94323
-4.93516
-4.92473
-4.91681
-4.91862
-4.93347
-4.96079
-4.99375
-5.02733
-5.05611
-5.07928
-5.09553
-5.10558
-5.11251
-5.11706
-5.1197
-5.12061
-5.11857
-5.11098
-5.09916
-5.07874
-5.05288
-5.02388
-4.99391
-4.96885
-4.95206
-4.94637
-4.95284
-4.97061
-4.99206
-5.01153
-5.02317
-5.02333
-5.01206
-4.99103
-4.96513
-4.93922
-4.9162
-4.90116
-4.89512
-4.89985
-4.91187
-4.93086
-4.95304
-4.97688
-5.00217
-5.02722
-5.05181
-5.07415
-5.09319
-5.10643
-5.11534
-5.12036
-5.11999
-5.11486
-5.10335
-5.0874
-5.06551
-5.04076
-5.01484
-4.99122
-4.97076
-4.95948
-4.95637
-4.96373
-4.97865
-4.99852
-5.01892
-5.03774
-5.05187
-5.06132
-5.06261
-5.05664
-5.04308
-5.02703
-5.00863
-4.99261
-4.98269
-4.97881
-4.97712
-4.98057
-4.98473
-4.99199
-4.99817
-5.00255
-5.00579
-5.00698
-5.00509
-5.00333
-5.00192
-5.0024
-5.0039
-5.01131
-5.02234
-5.03115
-5.03425
-5.02816
-5.01182
-4.98611
-4.95557
-4.92911
-4.91821
-4.92953
-4.95365
-4.98359
-5.01129
-5.03625
-5.06208
-5.09147
-5.12375
-5.1579
-5.18792
-5.21131
-5.2271
-5.23407
-5.23386
-5.22876
-5.21893
-5.20414
-5.18519
-5.16534
-5.14336
-5.12246
-5.10436
-5.08797
-5.07233
-5.0574
-5.0422
-5.02578
-5.01293
-5.00557
-5.00358
-5.00715
-5.01483
-5.02302
-5.02836
-5.02904
-5.02788
-5.02924
-5.03362
-5.04218
-5.05332
-5.06464
-5.07608
-5.09052
-5.10735
-5.12917
-5.15505
-5.18079
-5.20563
-5.22661
-5.23884
-5.24143
-5.23241
-5.21312
-5.18705
-5.15469
-5.12559
-5.10122
-5.08604
-5.08167
-5.08617
-5.09591
-5.10691
-5.11449
-5.11907
-5.12142
-5.1237
-5.12596
-5.12955
-5.13213
-5.13294
-5.12977
-5.12435
-5.11508
-5.10607
-5.09588
-5.08429
-5.07104
-5.05468
-5.03366
-5.01037
-4.98578
-4.96481
-4.95043
-4.94557
-4.95272
-4.97006
-4.99529
-5.02169
-5.04573
-5.06402
-5.07678
-5.0836
-5.08718
-5.09048
-5.09394
-5.09799
-5.10141
-5.10146
-5.09875
-5.09009
-5.07934
-5.06565
-5.05033
-5.03572
-5.02215
-5.01211
-5.00782
-5.01131
-5.02044
-5.03361
-5.04761
-5.05861
-5.06448
-5.06164
-5.05235
-5.03704
-5.02077
-5.00554
-4.99693
-4.99682
-5.00559
-5.02336
-5.05065
-5.08111
-5.11201
-5.13654
-5.15479
-5.16415
-5.16629
-5.15775
-5.13934
-5.11382
-5.08106
-5.04402
