              1         1.2572         1.2572              0
              2        1.39532        1.32626      0.0488328
              3          1.267        1.30651      0.0363314
              4        1.21508        1.28365      0.0336794
              5        1.54844        1.33661       0.054494
              6         1.4182        1.35021      0.0470778
              7        1.40776        1.35843      0.0410641
              8        1.52908        1.37976      0.0410998
              9         1.2918        1.36999      0.0376773
             10        1.32068        1.36506      0.0342307
             11        1.44196        1.37205      0.0318247
             12        1.32484        1.36811      0.0294148
             13        1.26552        1.36022      0.0281909
             14        1.37004        1.36092       0.026186
             15        1.33524        1.35921      0.0244962
             16        1.37852        1.36042      0.0229949
             17        1.35176        1.35991      0.0216479
             18         1.3434        1.35899      0.0204646
             19        1.62848        1.37317      0.0238005
             20          1.297        1.36937      0.0229132
             21        1.52296        1.37668      0.0229598
             22         1.4726        1.38104      0.0223263
             23        1.43648        1.38345      0.0214853
             24        1.29888        1.37993       0.020877
             25         1.4366        1.38219      0.0201647
             26        1.20088        1.37522      0.0205596
             27        1.28324        1.37181      0.0200784
             28        1.31424        1.36976      0.0194663
             29        1.56824         1.3766       0.019962
             30        1.31184        1.37444       0.019413
             31        1.27488        1.37123      0.0190506
             32        1.41552        1.37261      0.0185055
             33        1.48732        1.37609      0.0182682
             34         1.2384        1.37204      0.0181743
             35        1.10688        1.36447      0.0191691
             36        1.34748        1.36399      0.0186425
             37        1.27052        1.36147       0.018309
             38        1.31132        1.36015      0.0178747
             39        1.35424           1.36       0.017417
             40        1.21352        1.35633      0.0173622
             41         1.4168        1.35781      0.0170013
             42        1.21532        1.35442      0.0169316
             43        1.27036        1.35246      0.0166503
             44        1.48968        1.35558      0.0165614
             45        1.21488        1.35245      0.0164858
             46         1.3728         1.3529      0.0161334
             47        1.45424        1.35505      0.0159336
             48         1.2202        1.35224      0.0158474
             49         1.2932        1.35104      0.0155697
             50         1.5102        1.35422      0.0155803
             51         1.2564         1.3523      0.0153924
             52         1.3386        1.35204      0.0150987
             53        1.29172         1.3509      0.0148566
             54        1.43404        1.35244      0.0146611
             55        1.22296        1.35009      0.0145823
             56         1.3056        1.34929      0.0143435
             57         1.3536        1.34937      0.0140921
             58        1.47284         1.3515       0.014009
             59          1.375        1.35189      0.0137772
             60         1.3608        1.35204      0.0135484
             61        1.37344        1.35239      0.0133308
             62        1.31812        1.35184      0.0131273
             63        1.37552        1.35222      0.0129243
             64         1.3022        1.35144      0.0127459
             65        1.39052        1.35204       0.012564
             66        1.41904        1.35305      0.0124146
             67        1.28388        1.35202      0.0122722
             68        1.37672        1.35238      0.0120971
             69        1.27088         1.3512      0.0119793
             70        1.34468        1.35111      0.0118085
             71        1.46372        1.35269      0.0117482
             72        1.41136        1.35351      0.0116133
             73        1.44112        1.35471       0.011516
             74        1.36788        1.35489      0.0113618
             75        1.16972        1.35242      0.0114754
             76        1.34804        1.35236      0.0113246
             77        1.36332         1.3525      0.0111784
             78        1.30004        1.35183      0.0110553
             79        1.39376        1.35236      0.0109281
             80        1.53948         1.3547      0.0110389
             81        1.35844        1.35475      0.0109028
             82        1.20384        1.35291       0.010924
             83        1.45844        1.35418      0.0108661
             84        1.36924        1.35436      0.0107383
             85         1.2796        1.35348      0.0106479
             86          1.382        1.35381      0.0105292
             87         1.2866        1.35304      0.0104365
             88         1.3458        1.35295      0.0103182
             89        1.33312        1.35273      0.0102047
             90        1.38968        1.35314      0.0100996
             91        1.54456        1.35525      0.0102053
             92        1.35676        1.35526      0.0100944
             93         1.4504        1.35629      0.0100375
             94        1.33448        1.35605     0.00993344
             95         1.3664        1.35616     0.00982948
             96        1.23256        1.35487     0.00981105
             97         1.4138        1.35548     0.00972869
             98         1.4754        1.35671     0.00970607
             99         1.1046        1.35416     0.00993647
            100        1.41884        1.35481     0.00985814
            101        1.21832        1.35345     0.00985272
            102        1.30964        1.35303     0.00976548
            103         1.2908        1.35242     0.00968934
            104        1.25112        1.35145     0.00964501
            105        1.35028        1.35144     0.00955316
            106        1.51668        1.35299     0.00958938
            107        1.23928        1.35193     0.00955847
            108        1.31012        1.35154      0.0094778
            109        1.33264        1.35137     0.00939244
            110        1.44944        1.35226     0.00934927
            111        1.35516        1.35229     0.00926508
            112        1.22148        1.35112     0.00925567
            113        1.44824        1.35198     0.00921358
            114        1.21116        1.35075      0.0092152
            115        1.33076        1.35057      0.0091367
            116         1.2696        1.34987     0.00908456
            117          1.239        1.34893     0.00905621
            118         1.3948        1.34931      0.0089878
            119        1.20888        1.34813     0.00898942
            120         1.3176        1.34788      0.0089181
            121        1.26872        1.34723     0.00886837
            122         1.3034        1.34687     0.00880295
            123        1.33556        1.34677     0.00873186
            124        1.13288        1.34505     0.00883018
            125        1.40444        1.34552     0.00877231
            126        1.37344        1.34575     0.00870548
            127        1.29472        1.34534      0.0086462
            128        1.44896        1.34615     0.00861647
            129        1.31344         1.3459      0.0085534
            130        1.46304         1.3468     0.00853494
            131        1.27884        1.34628     0.00848554
            132        1.47148        1.34723     0.00847409
            133        1.12148        1.34553     0.00857869
            134         1.2046        1.34448      0.0085789
            135        1.54428        1.34596     0.00864207
            136         1.3104         1.3457     0.00858248
            137        1.38752        1.34601     0.00852526
            138        1.37204        1.34619     0.00846557
            139        1.65616        1.34842     0.00869341
            140        1.39352        1.34875     0.00863728
            141        1.50448        1.34985     0.00864635
            142        1.45344        1.35058     0.00861618
            143        1.36512        1.35068     0.00855653
            144        1.44984        1.35137     0.00852477
            145        1.45888        1.35211     0.00849816
            146        1.63412        1.35404     0.00865669
            147        1.26032        1.35341     0.00862124
            148        1.48596         1.3543     0.00860939
            149        1.49032        1.35521     0.00859987
            150         1.3262        1.35502     0.00854471
            151        1.31536        1.35476     0.00849216
            152        1.34664        1.35471     0.00843646
            153        1.34348        1.35463     0.00838164
            154         1.2458        1.35393     0.00835695
            155        1.40872        1.35428     0.00831051
            156         1.1834        1.35318     0.00832911
            157          1.405        1.35351      0.0082826
            158        1.24236        1.35281        0.00826
            159        1.45508        1.35345     0.00823305
            160        1.41148        1.35382     0.00818958
            161        1.27944        1.35335     0.00815173
            162         1.4024        1.35366     0.00810703
            163         1.3498        1.35363     0.00805733
            164        1.40264        1.35393     0.00801374
            165        1.37608        1.35407      0.0079663
            166        1.45964         1.3547     0.00794365
            167         1.2454        1.35405     0.00792301
            168        1.31472        1.35381      0.0078793
            169        1.29264        1.35345     0.00784099
            170        1.58544        1.35482     0.00791272
            171         1.3184         1.3546     0.00786932
            172        1.45728         1.3552     0.00784617
            173        1.36716        1.35527     0.00780113
            174        1.26992        1.35478      0.0077717
            175        1.55332        1.35591     0.00780966
            176        1.38276        1.35607     0.00776677
            177        1.14404        1.35487     0.00781472
            178        1.25496        1.35431     0.00779095
            179         1.4326        1.35474      0.0077597
            180        1.31096         1.3545      0.0077204
            181        1.41148        1.35482     0.00768416
            182        1.33796        1.35472      0.0076425
            183        1.43224        1.35515     0.00761246
            184         1.6208        1.35659     0.00770679
            185        1.33924         1.3565      0.0076657
            186        1.20744         1.3557     0.00766626
            187        1.33396        1.35558     0.00762615
            188        1.18924        1.35469     0.00763673
            189        1.32288        1.35453     0.00759818
            190        1.17692        1.35359     0.00761548
            191        1.27436        1.35318     0.00758689
            192        1.30548        1.35293     0.00755144
            193         1.2328        1.35231     0.00753792
            194        1.39888        1.35255     0.00750289
            195         1.4402        1.35299     0.00747787
            196        1.21996        1.35232     0.00747046
            197        1.25916        1.35184     0.00744749
            198        1.15168        1.35083     0.00747817
            199        1.32232        1.35069     0.00744196
            200        1.45588        1.35122     0.00742332
