              1        0.00088        0.00088              0
              2        0.03308        0.01698      0.0113844
              3       -0.01428        0.00656      0.0114012
              4        0.02084        0.01013     0.00909264
              5       -0.04308      -0.000512      0.0119798
              6        0.00508        0.00042      0.0100193
              7        0.03032     0.00469143     0.00945474
              8       -0.02076        0.00151     0.00879188
              9        0.01764     0.00330222     0.00799559
             10        0.00708        0.00368     0.00720495
             11       -0.00052     0.00329818     0.00656006
             12        0.00748     0.00364667     0.00602264
             13        0.00904     0.00406154     0.00557363
             14        0.00148     0.00387714     0.00517856
             15        0.00716       0.004096     0.00483795
             16       -0.00852      0.0033075     0.00459938
             17        0.00024     0.00312706     0.00433237
             18        0.02028        0.00408     0.00419518
             19          0.006     0.00418105      0.0039756
             20       -0.02196       0.002874     0.00398589
             21       -0.01376      0.0020819     0.00387399
             22       -0.00276     0.00186182     0.00370415
             23        0.01912     0.00261217      0.0036183
             24        0.01768        0.00324     0.00352158
             25        0.00788      0.0034256     0.00338561
             26        0.00512     0.00349077     0.00325602
             27       -0.00908     0.00302519     0.00316854
             28       -0.03048     0.00182857     0.00327354
             29        -0.0084     0.00147586      0.0031796
             30       -0.02464    0.000605333     0.00319056
             31       -0.00608    0.000389677     0.00309492
             32        0.00928      0.0006675     0.00301065
             33        0.02092     0.00128121     0.00298131
             34       -0.00168     0.00119412      0.0028949
             35       -0.00152     0.00111657     0.00281322
             36        -0.0134    0.000713333     0.00276383
             37       -0.00484    0.000563243      0.0026932
             38        0.02852     0.00129895     0.00272096
             39        -0.0276    0.000557949     0.00275024
             40        0.02848       0.001256     0.00276865
             41       -0.00048     0.00121366     0.00270145
             42        0.00764     0.00136667     0.00264146
             43       -0.01004      0.0011014     0.00259332
             44         0.0268     0.00168545     0.00259932
             45        0.00224     0.00169778     0.00254158
             46         0.0096     0.00186957     0.00249213
             47       -0.00432     0.00173787     0.00244258
             48       -0.00316     0.00163583     0.00239383
             49        0.03632     0.00234367     0.00244739
             50        0.00068      0.0023104     0.00239867
             51       -0.02216     0.00183059     0.00239914
             52         -0.013     0.00154538      0.0023699
             53         0.0082     0.00167094      0.0023285
             54        0.00676     0.00176519     0.00228729
             55        0.01152     0.00194255     0.00225257
             56        0.03016     0.00244643       0.002268
             57       -0.02064      0.0020414     0.00226409
             58       -0.00676     0.00188966     0.00223013
             59         0.0186     0.00217288     0.00221025
             60       -0.01328     0.00191533     0.00218836
             61       -0.01952     0.00156393     0.00218052
             62         -0.021         0.0012     0.00217551
             63       -0.01592    0.000928254     0.00215788
             64        0.01044     0.00107688     0.00212928
             65       -0.00956    0.000913231      0.0021028
             66       -0.00968    0.000752727     0.00207705
             67       -0.03212     0.00026209      0.0021032
             68       -0.00656    0.000161765     0.00207466
             69       -0.00808    4.23188e-05     0.00204803
             70       -0.01396   -0.000157714     0.00202852
             71         0.0242    0.000185352     0.00202875
             72       -0.01352         -5e-06     0.00200948
             73         -0.008   -0.000114521     0.00198494
             74       -0.00516   -0.000182703     0.00195929
             75       -0.00492   -0.000245867     0.00193418
             76       -0.00892       -0.00036      0.0019121
             77        -0.0214   -0.000633247     0.00190669
             78       -0.00276   -0.000660513     0.00188244
             79       -0.01312   -0.000818228      0.0018652
             80       -0.00332     -0.0008495     0.00184215
             81        0.01148   -0.000697284     0.00182569
             82        0.00456   -0.000633171     0.00180455
             83        0.00588   -0.000554699     0.00178451
             84        0.01692   -0.000346667     0.00177535
             85        0.02616   -3.48235e-05     0.00178164
             86       -0.01376   -0.000194419     0.00176806
             87       -0.00996   -0.000306667      0.0017513
             88       -0.00036   -0.000307273      0.0017314
             89       -0.01016   -0.000417978     0.00171548
             90         -0.012   -0.000546667     0.00170124
             91       -0.02448    -0.00080967     0.00170275
             92        0.02828   -0.000493478     0.00171335
             93         0.0104   -0.000376344     0.00169892
             94        0.01968   -0.000162979      0.0016942
             95        0.02184    6.86316e-05     0.00169212
             96       -0.01072     -4.375e-05     0.00167822
             97       -0.00212   -6.51546e-05     0.00166106
             98        0.00332   -3.06122e-05     0.00164447
             99        0.00228   -7.27273e-06     0.00162802
            100        0.00684       6.12e-05     0.00161318
            101        0.00872    0.000146931     0.00159948
            102       -0.02372   -8.70588e-05     0.00160083
            103       -0.00576   -0.000142136     0.00158623
            104          0.008   -6.38462e-05     0.00157291
            105         -0.003   -9.18095e-05     0.00155818
            106        0.00564   -3.77358e-05     0.00154442
            107        0.01552    0.000107664     0.00153681
            108       -0.00932    2.03704e-05     0.00152506
            109        0.01624    0.000169174     0.00151831
            110          0.014    0.000294909      0.0015097
            111       -0.02244    9.00901e-05     0.00150993
            112       -0.00428    5.10714e-05     0.00149696
            113       -0.01472    -7.9646e-05     0.00148941
            114       -0.00836   -0.000152281     0.00147811
            115        -0.0194   -0.000319652      0.0014747
            116       -0.00832   -0.000388621      0.0014636
            117        -0.0058   -0.000434872     0.00145182
            118        -0.0116   -0.000529492      0.0014426
            119        0.01184   -0.000425546     0.00143422
            120        0.01856   -0.000267333     0.00143096
            121       -0.01104   -0.000356364     0.00142191
            122       -0.00276   -0.000376066     0.00141039
            123       -0.01204   -0.000470894      0.0014021
            124       -0.00856   -0.000536129     0.00139231
            125        -0.0102    -0.00061344     0.00138332
            126        0.01112   -0.000520317     0.00137547
            127       -0.00976   -0.000593071     0.00136656
            128         0.0108   -0.000504063     0.00135878
            129        0.00096   -0.000492713      0.0013483
            130        -0.0244   -0.000676615     0.00135041
            131       -0.00356   -0.000698626     0.00134028
            132       -0.01468   -0.000804545     0.00133431
            133        0.01892   -0.000656241     0.00133249
            134         0.0018    -0.00063791     0.00132267
            135         -0.011   -0.000714667      0.0013151
            136        0.00128        -0.0007     0.00130551
            137       -0.00192   -0.000708905     0.00129601
            138        0.01844   -0.000570145     0.00129403
            139       -0.01784   -0.000694388     0.00129067
            140        0.00776      -0.000634     0.00128286
            141        0.02832   -0.000428652     0.00129009
            142       -0.00376   -0.000452113     0.00128122
            143       -0.03608   -0.000701259     0.00129626
            144       -0.00344   -0.000720278      0.0012874
            145        0.00712   -0.000666207     0.00127966
            146         0.0222   -0.000509589     0.00128044
            147        0.01672   -0.000392381     0.00127708
            148         -0.005   -0.000423514     0.00126883
            149         0.0024   -0.000404564     0.00126046
            150        0.01892   -0.000275733     0.00125862
            151        0.00808   -0.000220397      0.0012515
            152        0.01472   -0.000122105     0.00124712
            153        0.03252    9.12418e-05     0.00125709
            154        0.00204    0.000103896     0.00124899
            155        0.02296    0.000251355      0.0012496
            156       -0.00396    0.000224359     0.00124189
            157       -0.00044    0.000220127     0.00123398
            158        0.01636    0.000322278     0.00123039
            159        0.01436    0.000410566     0.00122582
            160        0.03332     0.00061625     0.00123529
            161       -0.01256     0.00053441     0.00123033
            162       -0.00176    0.000520247     0.00122282
            163        0.00772    0.000564417     0.00121611
            164        0.00176    0.000571707     0.00120872
            165        0.02472    0.000718061     0.00121022
            166       -0.00604    0.000677349     0.00120361
            167        0.02316    0.000811976     0.00120391
            168        0.00696    0.000848571      0.0011973
            169       -0.01096    0.000778698     0.00119226
            170        0.00536    0.000805647     0.00118555
            171        0.00728    0.000843509     0.00117922
            172        -0.0084    0.000789767     0.00117359
            173         -0.019    0.000675376     0.00117236
            174        0.00128    0.000678851     0.00116563
            175       -0.02108    0.000554514     0.00116558
            176         -0.021    0.000432045     0.00116538
            177        0.00196    0.000440678     0.00115882
            178       -0.00256     0.00042382     0.00115244
            179        0.04052    0.000647821     0.00116757
            180       -0.02208    0.000521556     0.00116789
            181         -0.037    0.000314254     0.00117969
            182       -0.01252    0.000243736     0.00117531
            183        0.00872    0.000290055      0.0011698
            184         0.0204    0.000399348     0.00116854
            185       -0.02204    0.000278054      0.0011685
            186       -0.00144    0.000268817     0.00116226
            187       -0.00252    0.000253904     0.00115614
            188       -0.00412    0.000230638     0.00115022
            189        0.00376    0.000249312     0.00114429
            190        -0.0226    0.000129053     0.00114457
            191       -0.00372    0.000108901     0.00113875
            192        0.00764    0.000148125     0.00113349
            193        0.01352    0.000217409     0.00112974
            194        0.01248    0.000280619     0.00112568
            195        0.03708    0.000469333     0.00113562
            196       -0.01604    0.000385102     0.00113294
            197       -0.01164    0.000324061     0.00112883
            198       -0.00464     0.00029899     0.00112341
            199        -0.0252    0.000170854     0.00112505
            200       -0.00612      0.0001394     0.00111986
