              1       0.185836       0.185836              0
              2       0.201921       0.193879     0.00568698
              3       0.198636       0.195464     0.00400632
              4       0.209017       0.198853     0.00419981
              5       0.211082       0.201299     0.00400928
              6       0.202736       0.201538     0.00334822
              7       0.195308       0.200648     0.00298587
              8       0.220037       0.203072     0.00345913
              9       0.213842       0.204268     0.00327525
             10        0.19386       0.203228     0.00310873
             11       0.226241        0.20532     0.00345921
             12       0.210782       0.205775     0.00320075
             13       0.194605       0.204916     0.00306771
             14       0.180768       0.203191     0.00329802
             15       0.200061       0.202982     0.00308475
             16       0.195001       0.202483     0.00293201
             17       0.187374       0.201595     0.00289111
             18       0.189754       0.200937     0.00280433
             19       0.208124       0.201315     0.00268213
             20       0.192768       0.200888     0.00258184
             21       0.197923       0.200746     0.00246275
             22        0.20833       0.201091     0.00237481
             23       0.193982       0.200782     0.00229159
             24       0.214259       0.201344     0.00226386
             25       0.220582       0.202113     0.00230038
             26       0.207742        0.20233     0.00222207
             27       0.200754       0.202271     0.00214054
             28       0.198765       0.202146     0.00206775
             29       0.210262       0.202426      0.0020153
             30       0.195718       0.202202     0.00196049
             31       0.189418        0.20179     0.00194014
             32       0.202637       0.201816     0.00187969
             33       0.198171       0.201706     0.00182597
             34       0.200874       0.201681     0.00177243
             35       0.194121       0.201465      0.0017349
             36       0.200972       0.201452     0.00168677
             37       0.182393       0.200937     0.00171803
             38       0.194368       0.200764     0.00168149
             39       0.194058       0.200592     0.00164715
             40       0.200035       0.200578     0.00160603
             41       0.204768        0.20068      0.0015701
             42       0.197872       0.200613     0.00153414
             43       0.191757       0.200407     0.00151223
             44       0.206537       0.200547     0.00148426
             45       0.208466       0.200723     0.00146167
             46       0.186781       0.200419     0.00146098
             47       0.197728       0.200362     0.00143102
             48       0.198118       0.200315     0.00140197
             49        0.20171       0.200344     0.00137365
             50        0.18762       0.200089     0.00136955
             51       0.181872       0.199732     0.00138849
             52       0.212173       0.199971     0.00138225
             53       0.207041       0.200105     0.00136259
             54       0.218808       0.200451     0.00138068
             55       0.194578       0.200344     0.00135969
             56       0.209657       0.200511     0.00134555
             57       0.188617       0.200302     0.00133802
             58        0.20117       0.200317     0.00131504
             59       0.206962        0.20043     0.00129756
             60       0.170872       0.199937     0.00136625
             61       0.186028       0.199709     0.00136275
             62       0.200362        0.19972     0.00134081
             63       0.188408        0.19954      0.0013315
             64        0.19712       0.199502     0.00131123
             65       0.185513       0.199287      0.0013086
             66        0.19439       0.199213     0.00129087
             67        0.19901        0.19921     0.00127161
             68       0.196537        0.19917     0.00125352
             69       0.195808       0.199122      0.0012363
             70       0.178525       0.198827     0.00125316
             71       0.190878       0.198716      0.0012405
             72       0.192211       0.198625     0.00122656
             73       0.195694       0.198585     0.00121041
             74       0.214896       0.198805     0.00121396
             75         0.1971       0.198783     0.00119799
             76       0.201382       0.198817     0.00118271
             77        0.20896       0.198949     0.00117467
             78       0.187192       0.198798     0.00116924
             79       0.178367       0.198539     0.00118269
             80       0.192214        0.19846     0.00117055
             81        0.19356         0.1984     0.00115766
             82       0.183182       0.198214     0.00115832
             83       0.206924       0.198319     0.00114911
             84       0.194242       0.198271     0.00113645
             85       0.199076        0.19828     0.00112312
             86       0.192323       0.198211      0.0011122
             87       0.197166       0.198199     0.00109948
             88       0.202964       0.198253     0.00108832
             89       0.198378       0.198254     0.00107609
             90       0.196942        0.19824     0.00106423
             91       0.185182       0.198096     0.00106217
             92       0.182803        0.19793     0.00106355
             93       0.212824        0.19809      0.0010641
             94       0.203869       0.198152     0.00105456
             95       0.203518       0.198208     0.00104497
             96          0.194       0.198164       0.001035
             97       0.202094       0.198205     0.00102513
             98       0.183664       0.198056     0.00102535
             99       0.210333        0.19818     0.00102246
            100        0.18008       0.197999     0.00102813
            101       0.177834         0.1978     0.00103716
            102       0.206828       0.197888     0.00103076
            103        0.19811        0.19789     0.00102076
            104        0.19209       0.197835     0.00101246
            105       0.201039       0.197865     0.00100328
            106       0.181187       0.197708     0.00100608
            107       0.204558       0.197772     0.00099871
            108       0.196514        0.19776     0.00098953
            109       0.212185       0.197893    0.000989262
            110       0.204138       0.197949    0.000981896
            111       0.198034        0.19795    0.000973051
            112       0.188002       0.197861    0.000968408
            113       0.190982         0.1978     0.00096175
            114       0.197332       0.197796    0.000953322
            115       0.191728       0.197744    0.000946492
            116       0.199712       0.197761    0.000938484
            117       0.189299       0.197688    0.000933245
            118       0.185569       0.197585    0.000930971
            119       0.184084       0.197472    0.000930035
            120       0.196318       0.197462    0.000922334
            121         0.2032        0.19751     0.00091593
            122       0.186492        0.19742    0.000912863
            123       0.195754       0.197406    0.000905542
            124       0.185136       0.197307    0.000903629
            125       0.194995       0.197289     0.00089659
            126       0.200186       0.197312    0.000889769
            127       0.195768       0.197299    0.000882845
            128       0.197768       0.197303    0.000875956
            129       0.202584       0.197344    0.000870122
            130       0.208741       0.197432    0.000867834
            131       0.193522       0.197402    0.000861722
            132        0.18783       0.197329     0.00085824
            133       0.205061       0.197387    0.000853753
            134       0.200672       0.197412    0.000847734
            135       0.192547       0.197376     0.00084222
            136       0.200934       0.197402    0.000836433
            137       0.204928       0.197457     0.00083213
            138       0.185822       0.197373     0.00083036
            139       0.195289       0.197358    0.000824522
            140       0.192976       0.197326    0.000819226
            141       0.201678       0.197357    0.000813997
            142       0.180859       0.197241    0.000816514
            143       0.206053       0.197303    0.000813127
            144       0.209274       0.197386    0.000811718
            145       0.193722       0.197361    0.000806513
            146       0.210883       0.197453     0.00080629
            147       0.193791       0.197428     0.00080119
            148       0.207171       0.197494    0.000798476
            149       0.199372       0.197507    0.000793217
            150       0.191118       0.197464    0.000789071
            151       0.212699       0.197565     0.00079027
            152        0.19675        0.19756    0.000785089
            153       0.211613       0.197651    0.000785312
            154       0.191212        0.19761    0.000781325
            155       0.199578       0.197622    0.000776388
            156       0.203178       0.197658    0.000772227
            157       0.188278       0.197598    0.000769616
            158       0.201571       0.197623    0.000765156
            159       0.211485       0.197711    0.000765294
            160       0.201314       0.197733    0.000760842
            161        0.20064       0.197751    0.000756331
            162       0.191046        0.19771    0.000752794
            163       0.200752       0.197728    0.000748407
            164       0.200358       0.197744    0.000744015
            165       0.193774        0.19772    0.000739895
            166       0.183799       0.197637    0.000740175
            167       0.182726       0.197547    0.000741108
            168       0.190544       0.197506    0.000737868
            169       0.194213       0.197486    0.000733759
            170       0.211903       0.197571    0.000734328
            171        0.20458       0.197612    0.000731176
            172       0.212928       0.197701    0.000732328
            173       0.201592       0.197723     0.00072844
            174       0.191483       0.197688    0.000725136
            175       0.185174       0.197616    0.000724509
            176       0.217912       0.197731    0.000729513
            177       0.199168       0.197739    0.000725436
            178       0.195372       0.197726    0.000721483
            179       0.201528       0.197747    0.000717765
            180       0.179149       0.197644    0.000721176
            181       0.210896       0.197717    0.000720898
            182       0.195712       0.197706    0.000717022
            183       0.188777       0.197657    0.000714762
            184       0.206718       0.197707    0.000712571
            185       0.190679       0.197669    0.000709732
            186       0.201136       0.197687    0.000706161
            187       0.176942       0.197576    0.000711045
            188       0.206157       0.197622    0.000708726
            189       0.186726       0.197564    0.000707317
            190       0.193582       0.197543    0.000703905
            191       0.191398       0.197511    0.000700955
            192       0.195318         0.1975    0.000697397
            193        0.20023       0.197514    0.000693927
            194       0.199543       0.197524    0.000690429
            195       0.194519       0.197509     0.00068706
            196        0.19533       0.197498    0.000683645
            197       0.181868       0.197419    0.000684763
            198       0.194872       0.197406    0.000681425
            199       0.207128       0.197455     0.00067975
            200       0.192644       0.197431    0.000676777
