              1       -0.46056       -0.46056              0
              2       -0.46176       -0.46116    0.000424264
              3       -0.46056       -0.46096    0.000326599
              4       -0.45776       -0.46016    0.000734847
              5       -0.47408      -0.462944     0.00255854
              6       -0.46288      -0.462933     0.00213214
              7       -0.45728      -0.462126     0.00197459
              8       -0.46048       -0.46192     0.00173845
              9       -0.45408      -0.461049     0.00174998
             10       -0.46128      -0.461072     0.00157513
             11       -0.46176      -0.461135     0.00143318
             12        -0.4668      -0.461607     0.00138934
             13       -0.45832      -0.461354     0.00130527
             14        -0.4656      -0.461657     0.00124677
             15       -0.46632      -0.461968     0.00120178
             16       -0.47464       -0.46276     0.00136288
             17       -0.46144      -0.462682     0.00128492
             18       -0.46072      -0.462573     0.00121815
             19       -0.46856      -0.462888      0.0011941
             20        -0.4576      -0.462624      0.0011633
             21       -0.46248      -0.462617     0.00110793
             22       -0.46992      -0.462949     0.00110618
             23        -0.4548      -0.462595     0.00111338
             24       -0.45448      -0.462257     0.00111715
             25       -0.47344      -0.462704     0.00115857
             26        -0.4548        -0.4624      0.0011532
             27       -0.46696      -0.462569     0.00112279
             28       -0.45832      -0.462417      0.0010929
             29       -0.46488      -0.462502      0.0010585
             30       -0.45688      -0.462315     0.00103968
             31       -0.45272      -0.462005      0.0010512
             32       -0.45432      -0.461765     0.00104542
             33       -0.46464      -0.461852     0.00101737
             34       -0.45928      -0.461776    0.000990254
             35       -0.46536      -0.461879     0.00096724
             36       -0.45656      -0.461731    0.000951589
             37       -0.45736      -0.461613    0.000933175
             38       -0.46392      -0.461674    0.000910591
             39       -0.45272      -0.461444    0.000915727
             40       -0.45352      -0.461246     0.00091401
             41        -0.4624      -0.461274    0.000892151
             42       -0.46512      -0.461366    0.000875596
             43       -0.45432      -0.461202    0.000870429
             44       -0.46136      -0.461205    0.000850654
             45       -0.46208      -0.461225    0.000831973
             46       -0.46632      -0.461336    0.000821226
             47       -0.46392      -0.461391    0.000805592
             48       -0.45688      -0.461297    0.000794271
             49         -0.446      -0.460984    0.000837165
             50       -0.46128       -0.46099    0.000820442
             51       -0.47592      -0.461283    0.000854987
             52       -0.45768      -0.461214    0.000841348
             53       -0.45824      -0.461158    0.000827342
             54        -0.4696      -0.461314     0.00082666
             55       -0.45096      -0.461126     0.00083279
             56       -0.46224      -0.461146    0.000818156
             57       -0.46136      -0.461149    0.000803811
             58       -0.46296      -0.461181    0.000790559
             59       -0.46592      -0.461261     0.00078123
             60        -0.4648       -0.46132    0.000770432
             61       -0.46272      -0.461343    0.000758144
             62       -0.47408      -0.461548    0.000773249
             63        -0.4536      -0.461422    0.000771199
             64         -0.456      -0.461338    0.000763789
             65       -0.46264      -0.461358    0.000752301
             66       -0.46984      -0.461486    0.000751801
             67       -0.45704       -0.46142    0.000743503
             68       -0.45864      -0.461379    0.000733692
             69        -0.4704       -0.46151    0.000734615
             70       -0.46352      -0.461538    0.000724682
             71        -0.4636      -0.461567    0.000715056
             72       -0.46152      -0.461567    0.000705125
             73       -0.46144      -0.461565    0.000695468
             74       -0.46288      -0.461583    0.000686297
             75       -0.45296      -0.461468    0.000686709
             76       -0.45512      -0.461384    0.000682734
             77       -0.46008      -0.461367    0.000674077
             78        -0.4648      -0.461411     0.00066687
             79       -0.46432      -0.461448    0.000659444
             80       -0.46888      -0.461541    0.000657712
             81         -0.468      -0.461621    0.000654408
             82       -0.46656      -0.461681    0.000649194
             83       -0.47144      -0.461799    0.000651933
             84       -0.45496      -0.461717    0.000649235
             85       -0.46672      -0.461776     0.00064426
             86       -0.46248      -0.461784     0.00063682
             87       -0.46944      -0.461872    0.000635551
             88       -0.45696      -0.461816    0.000630776
             89       -0.46608      -0.461864    0.000625505
             90        -0.4692      -0.461946    0.000623843
             91        -0.4572      -0.461894    0.000619163
             92       -0.45752      -0.461846    0.000614256
             93       -0.45888      -0.461814    0.000608478
             94       -0.46448      -0.461843    0.000602666
             95        -0.4644      -0.461869    0.000596923
             96       -0.45992      -0.461849     0.00059105
             97       -0.46144      -0.461845    0.000584972
             98       -0.46808      -0.461909    0.000582452
             99       -0.46232      -0.461913    0.000576584
            100       -0.45992      -0.461893    0.000571162
            101       -0.46192      -0.461893    0.000565507
            102       -0.46096      -0.461884    0.000560037
            103          -0.47      -0.461963    0.000560116
            104       -0.44872      -0.461835     0.00056902
            105       -0.46024       -0.46182    0.000563803
            106       -0.46952      -0.461893    0.000563144
            107        -0.4596      -0.461871    0.000558289
            108       -0.45304       -0.46179    0.000559076
            109       -0.46576      -0.461826    0.000555132
            110       -0.46608      -0.461865    0.000551431
            111       -0.46696      -0.461911     0.00054837
            112       -0.45496      -0.461849    0.000546974
            113       -0.45784      -0.461813    0.000543283
            114       -0.46496      -0.461841    0.000539218
            115       -0.45608      -0.461791    0.000536851
            116       -0.46408       -0.46181    0.000532586
            117       -0.45448      -0.461748    0.000531706
            118       -0.46976      -0.461816    0.000531518
            119       -0.46304      -0.461826    0.000527151
            120        -0.4676      -0.461874     0.00052495
            121         -0.456      -0.461825    0.000522851
            122       -0.46344      -0.461839    0.000518733
            123       -0.45928      -0.461818    0.000514932
            124       -0.45712       -0.46178    0.000512172
            125       -0.46648      -0.461818    0.000509453
            126       -0.46328      -0.461829    0.000505541
            127       -0.46688      -0.461869    0.000503123
            128       -0.46816      -0.461918    0.000501587
            129       -0.46112      -0.461912    0.000497737
            130       -0.46848      -0.461962    0.000496466
            131       -0.46504      -0.461986    0.000493231
            132       -0.46984      -0.462045    0.000493071
            133       -0.46848      -0.462094    0.000491731
            134        -0.4608      -0.462084    0.000488156
            135       -0.46952      -0.462139    0.000487638
            136       -0.45112      -0.462058    0.000490737
            137        -0.4624      -0.462061    0.000487162
            138        -0.4668      -0.462095    0.000484841
            139       -0.47024      -0.462154     0.00048488
            140       -0.46288      -0.462159    0.000481445
            141        -0.4684      -0.462203    0.000480061
            142       -0.46336      -0.462211    0.000476749
            143       -0.46752      -0.462248    0.000474858
            144       -0.46072      -0.462238    0.000471679
            145       -0.46472      -0.462255    0.000468737
            146       -0.46248      -0.462256    0.000465529
            147       -0.46824      -0.462297    0.000464138
            148       -0.45848      -0.462271    0.000461718
            149       -0.46528      -0.462292    0.000459061
            150        -0.4716      -0.462354    0.000460176
            151       -0.45664      -0.462316    0.000458681
            152         -0.466       -0.46234    0.000456303
            153       -0.47248      -0.462406    0.000458109
            154       -0.45656      -0.462368    0.000456704
            155       -0.46728        -0.4624    0.000454856
            156       -0.45392      -0.462346    0.000455177
            157       -0.46312      -0.462351    0.000452304
            158       -0.45848      -0.462326    0.000450104
            159       -0.46352      -0.462334    0.000447336
            160       -0.47304        -0.4624    0.000449517
            161       -0.46008      -0.462386    0.000446956
            162       -0.46616      -0.462409    0.000444804
            163       -0.45592       -0.46237    0.000443853
            164       -0.46184      -0.462366    0.000441158
            165       -0.46144      -0.462361    0.000438521
            166       -0.46032      -0.462348    0.000436051
            167       -0.46712      -0.462377    0.000434375
            168       -0.46808      -0.462411    0.000433114
            169       -0.45248      -0.462352    0.000434519
            170       -0.46376       -0.46236    0.000432042
            171       -0.46128      -0.462354    0.000429562
            172        -0.4656      -0.462373    0.000427479
            173        -0.4712      -0.462424    0.000428042
            174       -0.44736      -0.462337    0.000434249
            175       -0.46584      -0.462357    0.000432228
            176        -0.4632      -0.462362    0.000429799
            177        -0.4656      -0.462381     0.00042776
            178       -0.45656      -0.462348    0.000426605
            179        -0.4696      -0.462388    0.000426141
            180       -0.47032      -0.462432    0.000426046
            181       -0.46288      -0.462435    0.000423699
            182        -0.4672      -0.462461    0.000422179
            183       -0.46136      -0.462455    0.000419915
            184        -0.4676      -0.462483    0.000418563
            185       -0.45968      -0.462468    0.000416574
            186       -0.45712      -0.462439    0.000415326
            187        -0.4628      -0.462441    0.000413109
            188       -0.45432      -0.462398    0.000413164
            189       -0.44944      -0.462329    0.000416628
            190       -0.46656      -0.462352     0.00041503
            191       -0.45688      -0.462323    0.000413844
            192       -0.45816      -0.462301    0.000412256
            193       -0.46088      -0.462294    0.000410186
            194       -0.46768      -0.462322     0.00040901
            195       -0.46032      -0.462311    0.000407042
            196       -0.45704      -0.462284    0.000405852
            197       -0.45728      -0.462259    0.000404586
            198        -0.4472      -0.462183    0.000409629
            199       -0.46688      -0.462207     0.00040825
            200       -0.46928      -0.462242    0.000407738
