0.212583   -0.16424   -0.491081
0.0291536   -0.492845   -0.228817
-0.394279   0.378856   0.197981
0.173976   0.299379   0.397476
-0.352248   0.0158183   0.484798
0.358014   -0.12312   0.360036
0.278768   0.155135   -0.108263
0.388519   -0.171998   -0.0687309
-0.422795   -0.136567   -0.357643
-0.170898   -0.290927   -0.493455
-0.176858   0.0429745   -0.14647
-0.185745   -0.0823208   0.273552
0.195285   0.222419   -0.350722
-0.370677   0.264305   -0.365114
-0.0511096   -0.0645354   -0.114771
-0.486098   0.469705   0.0267777
-0.44984   0.360701   -0.403834
0.498314   -0.279611   0.128516
-0.344075   -0.487168   0.330886
0.355855   0.477219   -0.497174
-0.10101   -0.20276   -0.425613
-0.228606   0.104213   -0.276588
-0.286263   -0.089502   0.264268
0.386373   0.303025   -0.0232045
0.479856   -0.238736   -0.204394
0.0978776   0.0930503   0.202245
0.42458   0.449145   -0.243553
0.230628   0.389448   -0.316129
-0.453165   0.0398626   0.44162
0.00253837   0.364439   -0.130492
-0.390213   0.0355641   0.2691
0.0859149   0.0605038   -0.226753
0.00908779   0.457984   -0.0484457
-0.353591   -0.117967   -0.493624
-0.29056   -0.394782   0.425121
0.183292   -0.414784   0.106437
-0.244771   -0.404667   -0.320792
0.441275   -0.149139   -0.131502
0.00317289   -0.0135702   -0.173464
-0.489487   0.0471326   -0.134097
0.310193   0.138304   -0.473443
0.0424816   -0.306414   -0.471008
0.320533   0.210802   -0.360937
-0.242698   -0.443148   0.311783
0.386303   0.422093   -0.0187159
-0.185693   0.388254   -0.478126
0.326445   -0.346756   0.302907
-0.197037   -0.4658   -0.263764
0.368873   -0.108093   -0.201691
0.321029   -0.118499   -0.114479
0.465421   0.0302661   -0.445146
-0.397016   0.0255678   -0.390102
-0.231173   0.250664   -0.297828
0.459935   -0.0787177   0.412902
0.414572   0.0171024   -0.335271
-0.497646   -0.164309   -0.488157
-0.180262   0.280885   -0.352687
0.326956   0.360053   0.440414
0.363286   -0.111851   -0.465091
-0.455202   0.204874   -0.344219
-0.0437886   -0.487675   0.0189508
0.446811   0.491366   -0.475249
0.288325   -0.406765   0.340561
0.0485787   0.00446105   0.089826
0.205082   0.315924   0.0156183
-0.394816   0.45894   0.295571
0.113649   0.449144   -0.16771
-0.3406   0.214451   0.00538928
-0.301188   -0.13061   -0.402904
0.27699   -0.311019   0.246527
0.416258   0.249723   -0.164707
-0.0494889   -0.311763   -0.36162
0.154231   -0.377542   0.361778
0.246239   0.0238586   -0.0983765
-0.191351   -0.347463   0.434174
0.143656   0.262719   -0.486373
0.0248165   -0.213123   -0.468807
0.188324   0.171198   0.432934
-0.00552306   0.352723   0.122591
0.344425   -0.233904   0.214717
0.276684   0.0628269   -0.471795
-0.457083   0.0247759   -0.00264156
-0.175902   -0.450953   -0.429926
-0.312067   -0.168272   0.287929
0.0450663   -0.0536165   0.170308
-0.325948   -0.193491   0.389708
-0.491942   -0.440498   0.472706
0.497751   0.166851   -0.39746
0.349945   0.490141   -0.274695
-0.21463   0.0291112   -0.268236
0.0291307   -0.00744517   0.436735
-0.323281   0.371637   0.144109
0.322787   -0.250104   -0.26115
-0.489512   -0.10702   -0.393787
0.0476429   -0.281975   -0.111066
-0.156811   -0.406512   -0.318813
0.426122   0.493905   0.147574
0.0792914   0.426204   -0.371221
0.489817   0.153042   -0.19847
0.157509   -0.263331   -0.460901
0.422903   -0.000560673   0.457081
0.024132   0.466942   0.248231
-0.0359255   -0.30727   -0.454671
-0.270939   -0.45273   0.477706
0.311911   -0.327926   -0.186379
-0.458106   -0.160814   0.0613062
-0.175601   0.229358   0.394113
-0.182724   -0.370593   -0.452845
