1.09917
1.09625
1.09109
1.08342
1.07289
1.05902
1.04125
1.01891
0.991294
0.95779
0.918002
0.871946
0.820259
0.76441
0.706719
0.65019
0.598095
0.553378
0.518178
0.493528
0.479322
0.474448
0.477111
0.485168
0.496476
0.509169
0.521826
0.533511
0.543769
0.552532
0.559979
0.566369
0.571908
0.576699
0.580701
0.583794
0.585888
0.587024
0.587396
0.587334
0.587233
0.587458
0.588261
0.589798
0.592095
0.595025
0.59833
0.60162
0.604497
0.606632
0.607833
0.608121
0.607703
0.606908
0.606108
0.605612
0.605632
0.60629
0.60761
0.609516
0.611826
0.614248
0.616369
0.617778
0.618129
0.617227
0.615121
0.612127
0.608802
0.60578
0.603516
0.602042
0.600944
0.599574
0.597383
0.594189
0.590201
0.585954
0.582162
0.579561
0.578789
0.580275
0.584137
0.590153
0.597841
0.606575
0.615715
0.624687
0.633027
0.640366
0.646429
0.650984
0.653841
0.654897
0.654124
0.651591
0.647439
0.641856
0.635008
0.627054
0.618124
0.608405
0.598179
0.587851
0.577935
0.568974
0.561422
0.555555
0.551419
0.548888
0.547752
0.547871
0.549215
0.551914
0.556167
0.562153
0.569912
0.579255
0.589797
0.600994
0.612221
0.622828
0.632174
0.639662
0.644768
0.647158
0.646733
0.643596
0.638077
0.630654
0.621896
0.612404
0.602723
0.593314
0.584542
0.576712
0.570102
0.56502
0.56179
0.560805
0.56242
0.566846
0.573985
0.583361
0.594175
0.605465
0.616302
0.625903
0.633692
0.6393
0.642548
0.643409
0.642015
0.638614
0.63355
0.627231
0.620045
0.612328
0.604318
0.596198
0.588152
0.580485
0.573666
0.568314
0.565044
0.564269
0.566016
0.569873
0.575097
0.58081
0.586165
0.590486
0.593274
0.594206
0.593123
0.589994
0.584953
0.578303
0.570528
0.562328
0.554601
0.548353
0.544557
0.54395
0.546839
0.552989
0.561674
0.571835
0.58231
0.592
0.600032
0.605806
0.609016
0.609622
0.607847
0.604101
0.598937
0.593006
0.586969
0.58145
0.576956
0.573855
0.572342
0.572433
0.574004
0.576802
0.580496
0.58469
0.588943
0.592792
0.59581
0.597621
0.597958
0.596688
0.593846
0.58965
0.584519
0.579031
0.573869
0.569674
0.566867
0.565571
0.565627
0.566683
0.56833
0.570199
0.572006
0.573595
0.574917
0.575988
0.576839
0.577497
0.577973
0.578218
0.578145
0.577652
0.576633
0.575014
0.572813
0.57017
0.567441
0.565154
0.56393
0.564297
0.566542
0.570675
0.576438
0.583417
0.591112
0.598981
0.606498
0.613157
0.618506
0.622181
0.623964
0.623769
0.621658
0.617834
0.61261
0.606354
0.599481
0.592412
0.585553
0.579264
0.573816
0.569389
0.566037
0.56368
0.562155
0.561236
0.560712
0.560434
0.560338
0.560437
0.560811
0.561583
0.562826
0.564547
0.566611
0.568791
0.570778
0.572228
0.572859
0.572521
0.571227
0.569192
0.566794
0.564524
0.562818
0.561947
0.561911
0.562437
0.563114
0.563515
0.563405
0.562803
0.561946
0.561206
0.560935
0.56132
0.562294
0.563576
0.564721
0.56533
0.565188
0.564365
0.563182
0.56202
0.56108
0.560242
0.559153
0.557498
0.555183
0.552391
0.549484
0.546826
0.544668
0.543124
0.542208
0.541949
0.54244
0.543819
0.546168
0.549444
0.553376
0.557533
0.56144
0.564694
0.567012
0.568257
0.568367
0.567329
0.565119
0.561754
0.557355
0.552186
0.546675
0.541351
0.536743
0.533239
0.53101
0.530035
0.5302
0.5314
0.533603
0.536791
0.540898
0.545721
0.550962
0.5563
0.561475
0.566304
0.570652
0.574376
0.577253
0.579
0.579317
0.577947
0.574722
0.569628
0.562822
0.554632
0.545606
0.536484
0.528142
0.521477
0.517233
0.515845
0.517345
0.521398
0.527461
0.534962
0.543324
0.551956
0.560231
0.567552
0.573413
0.577495
0.579703
0.580125
0.578986
0.576605
0.573343
0.569583
0.565732
0.562181
0.559267
0.55725
0.556246
0.556294
0.557398
0.559573
0.562825
0.567072
0.572056
0.57734
0.582391
0.586711
0.589923
0.591831
0.592437
0.591904
0.590523
0.58864
0.586544
0.584406
0.582244
0.579961
0.577442
0.57464
0.571606
0.568468
0.565371
0.562477
0.559964
0.558022
0.556827
0.556468
0.556918
0.558001
0.559477
0.561115
0.562748
0.564294
0.565722
0.567009
0.568117
0.569018
0.569692
0.570161
0.570527
0.570954
0.571634
0.572748
0.574427
0.576716
0.579484
0.582513
0.585493
0.588069
0.589926
0.590762
0.590332
0.588495
0.58523
0.580692
0.575211
0.569285
0.563526
0.558599
0.555075
0.553355
0.553592
0.555696
0.559419
0.564392
0.570238
0.576602
0.583182
0.589709
0.595928
0.601598
0.606502
0.610452
0.613314
0.61501
0.615557
0.615035
0.613583
0.611358
0.608501
0.605104
0.601225
0.596913
0.592239
0.587343
0.582445
0.577814
0.573757
0.570525
0.568269
0.567
0.566565
0.566715
0.567184
0.567729
0.568212
0.568591
0.568927
0.569326
0.569945
0.570947
0.57247
0.574613
0.577393
0.580713
0.584372
0.588101
0.591597
0.594591
0.596859
0.598259
0.598733
0.598258
0.596853
0.594554
0.591379
0.587334
0.582422
0.576656
0.570072
0.562754
0.554861
0.546671
0.538609
0.531191
0.524964
0.520362
0.517567
0.516456
0.516641
0.517668
0.519192
0.521089
0.5234
0.526242
0.529746
0.534021
0.539166
0.54529
0.552433
0.560496
0.569235
0.578269
0.587166
0.595527
0.603043
0.609502
0.614741
0.618557
0.620697
0.620913
0.619105
0.615409
0.610238
0.604199
0.597978
0.592184
0.587279
0.583529
0.581002
0.579608
0.579118
0.579285
0.579872
0.580691
0.581597
0.582481
0.583215
0.583599
0.583365
0.582192
0.579772
0.575917
0.570676
0.564432
0.557885
0.551954
0.547572
0.545406
0.545681
0.548165
0.552305
0.557422
0.562894
0.568242
0.57312
0.577284
0.580557
0.582789
0.583893
0.583839
0.582698
0.580674
0.578093
0.575357
0.572851
0.570836
0.569393
0.568391
0.567583
0.566719
0.565665
0.56448
0.563419
0.5629
0.563387
0.565234
0.568581
0.573282
0.578858
0.584594
0.589659
0.593294
0.594922
0.594308
0.591595
0.587253
0.581963
0.576463
0.571371
0.567121
0.563971
0.562077
0.561571
0.562537
0.564963
0.568672
0.573309
0.578376
0.583335
0.587738
0.591321
0.594041
0.596029
0.597515
0.598741
0.599897
0.60114
0.602566
0.604227
0.606156
0.608336
0.610687
0.613047
0.615178
0.616784
0.617532
0.617107
0.615275
0.611905
0.607007
0.60075
0.593423
0.585397
0.577108
0.569032
0.561679
0.555555
0.551075
0.548508
0.547913
0.549092
0.551649
0.555057
0.558748
0.562184
0.564895
0.566507
0.566761
0.56551
0.562719
0.558502
0.55314
0.547102
0.540987
0.535427
0.530929
0.527743
0.525772
0.524665
0.523956
0.523263
0.52236
0.521246
0.520104
0.519262
0.519074
0.519857
0.521819
0.525044
0.529479
0.53494
0.541104
0.547456
0.553354
0.558131
0.561248
0.562397
0.561547
0.558924
0.554934
0.550078
0.544885
0.539866
0.535471
0.532086
0.530004
0.529442
0.530512
0.533186
0.537282
0.542496
0.548414
0.554577
0.560523
0.565828
0.570115
0.573125
0.574732
0.574985
0.574077
0.572325
0.570087
0.56767
0.565251
0.56284
0.560298
0.557452
0.55417
0.550462
0.54651
0.542699
0.539525
0.537543
0.537209
0.538827
0.54247
0.547956
0.554858
0.562567
0.570342
0.577414
0.583086
0.586787
0.588135
0.586927
0.583148
0.576909
0.56842
0.558007
0.546113
0.533298
0.520285
0.507936
0.497147
0.488758
0.483481
0.481837
0.484102
0.490193
0.499573
0.511253
0.523999
0.536553
0.547855
0.55714
0.563968
0.568219
0.570039
0.569786
0.567944
0.565035
0.561561
0.557977
0.554694
0.552076
0.550451
0.550134
0.551363
0.554265
0.558813
0.564805
0.571888
0.579573
0.587301
0.594486
0.600577
0.605118
0.607776
0.608405
0.607053
0.604019
0.599802
0.59508
0.590594
0.586963
0.584544
0.583353
0.583124
0.583475
0.584046
0.584635
0.585188
0.58575
0.586354
0.586958
0.587405
0.587433
0.586765
0.585204
0.58275
0.579614
0.576178
0.572933
0.570389
0.56902
0.56921
0.571161
0.574849
0.580008
0.586206
0.592903
0.599547
0.605621
0.610642
0.614158
0.615797
0.615286
0.612493
0.607483
0.600516
0.59207
0.582769
0.573327
0.564453
0.556743
0.550609
0.546203
0.543417
0.541919
0.541242
0.540856
0.540318
0.539364
0.537976
0.536369
0.534849
0.533646
0.532808
0.532217
0.531698
0.531111
0.530342
0.529308
0.527953
0.526293
0.524438
0.522591
0.52101
0.519946
0.519586
0.520038
0.521342
0.523496
0.526449
0.530102
0.534299
0.538782
0.543175
0.547008
0.549763
0.551007
0.55051
0.54836
0.54502
0.541282
0.538096
0.536291
0.536353
0.538382
0.542148
0.547217
0.553073
0.559185
0.565018
0.570055
0.573809
0.575844
0.575836
0.573598
0.569108
0.562504
0.554072
0.544223
0.533482
0.522444
0.511718
0.501866
0.493335
0.486397
0.481136
0.477478
0.475233
0.474139
0.47394
0.474419
0.475458
0.477062
0.479365
0.482512
0.486595
0.491564
0.497197
0.503173
0.509146
0.514791
0.519879
0.524284
0.528003
0.531148
0.533886
0.536369
0.53868
0.540824
0.542717
0.544256
0.545371
0.54608
0.546505
0.546827
0.547226
0.547778
0.548414
0.548889
0.548871
0.548055
0.546261
0.543496
0.539976
0.536074
0.53224
0.528925
0.5265
0.525201
0.525115
0.526213
0.528343
0.531291
0.534814
0.538655
0.542592
0.546438
0.550048
0.553325
0.556213
0.558687
0.560761
0.562453
0.563735
0.564533
0.564693
0.564009
0.562262
0.559315
0.555147
0.5499
0.543871
0.537485
0.531212
0.525488
0.52064
0.516816
0.51397
0.511884
0.510207
0.508535
0.506506
0.503921
0.500876
0.497803
0.495393
0.494355
0.495035
0.497186
0.500042
0.502646
0.504176
0.504162
0.50257
0.499824
0.496791
0.494676
0.494671
0.49753
0.503275
0.51125
0.520473
0.529996
0.53913
0.547439
0.554681
0.560687
0.56531
0.568402
0.569808
0.569423
0.567233
0.563341
0.558009
0.551637
0.544718
0.537773
0.531275
0.525591
0.520944
0.51745
0.515122
0.513889
0.513652
0.514299
0.515722
0.517844
0.520605
0.523943
0.527773
0.531892
0.535994
0.539642
0.542324
0.543556
0.542961
0.540361
0.535832
0.52972
0.522584
0.515152
0.508215
0.502534
0.498728
0.497192
0.498036
0.501093
0.505955
0.512052
0.518752
0.525448
0.531629
0.53695
0.541227
0.544374
0.54641
0.547428
0.547565
0.546985
0.545883
0.544482
0.543066
0.541987
0.541633
0.542393
0.544554
0.548242
0.553364
0.559606
0.566536
0.573696
0.580652
0.587053
0.592647
0.597285
0.600885
0.603403
0.604853
0.605317
0.604946
0.603943
0.602539
0.600905
0.599103
0.597146
0.595016
0.592706
0.590225
0.587543
0.58458
0.581205
0.577306
0.572867
0.568045
0.563192
0.55879
0.555354
0.553295
0.552763
0.553627
0.555499
0.557843
0.560104
0.561843
0.562838
0.563086
0.562758
0.562124
0.561417
0.560756
0.560104
0.559285
0.558068
0.556297
0.554008
0.551537
0.549501
0.548658
0.549596
0.552484
0.556989
0.562436
0.568132
0.573559
0.57847
0.582801
0.586579
0.589828
0.592508
0.594515
0.595682
0.595841
0.594871
0.59272
0.589463
0.585321
0.580717
0.576211
0.572452
0.570017
0.569231
0.57006
0.572122
0.574823
0.577541
0.579745
0.581088
0.581362
0.580501
0.578542
0.575592
0.571855
0.567572
0.563002
0.558373
0.553832
0.549494
0.545445
0.541791
0.538671
0.536268
0.534779
0.53435
0.535061
0.536894
0.539831
0.543884
0.549068
0.555313
0.562324
0.569594
0.576453
0.582224
0.586351
0.588484
0.588514
0.586564
0.582979
0.578283
0.573116
0.568144
0.563986
0.561118
0.559815
0.560105
0.561784
0.564474
0.567677
0.570873
0.573619
0.575639
0.576828
0.57727
0.577191
0.576905
0.576712
0.576796
0.577206
0.577836
0.578455
0.578846
0.578876
0.578571
0.578089
0.57764
0.577391
0.57744
0.577836
0.578613
0.579742
0.581083
0.582398
0.583425
0.584022
0.584189
0.584046
0.583737
0.583318
0.582736
0.581879
0.580652
0.579026
0.577056
0.57482
0.57243
0.570031
0.567802
0.566004
0.56494
0.564865
0.565918
0.568001
0.570723
0.573507
0.575707
0.576763
0.576269
0.574031
0.570073
0.564598
0.557985
0.550754
0.543541
0.537012
0.531802
0.528388
0.526982
0.527511
0.529658
0.533026
0.537251
0.542091
0.547384
0.552978
0.558631
0.563937
0.568351
0.571272
0.5722
0.570914
0.567539
0.562469
0.556222
0.549247
0.541817
0.534074
0.526143
0.518239
0.51068
0.503855
0.498138
0.493859
0.491254
0.490455
0.491458
0.494092
0.498012
0.502741
0.507753
0.512618
0.517061
0.521044
0.524704
0.528293
0.53209
0.536311
0.54107
0.546362
0.552068
0.557982
0.56382
0.569283
0.574064
0.577904
0.580635
0.582175
0.582544
0.581863
0.58036
0.578358
0.576227
0.574336
0.573023
0.572533
0.572973
0.574345
0.576571
0.579534
0.583109
0.587171
0.591541
0.595959
0.600063
0.603453
0.60571
0.606508
0.605654
0.603078
0.598834
0.593076
0.586017
0.577969
0.569373
0.560858
0.553241
0.547415
0.544082
0.543445
0.545053
0.547889
0.550733
0.5526
0.553026
0.552091
0.550337
0.548472
0.547135
0.546686
0.54718
0.548457
0.550281
0.552498
0.555094
0.558182
0.561931
0.566408
0.571486
0.57681
0.581842
0.585958
0.588596
0.589353
0.588036
0.584691
0.57954
0.572967
0.565456
0.557541
0.549733
0.542481
0.536134
0.530944
0.527138
0.524957
0.524667
0.526488
0.530483
0.536419
0.54375
0.551735
0.559594
0.5666
0.572123
0.575695
0.577117
0.576543
0.574459
0.571576
0.568638
0.566244
0.564727
0.564136
0.564266
0.564791
0.565372
0.565766
0.565876
0.565779
0.565662
0.565725
0.566104
0.566801
0.567693
0.568606
0.56938
0.569877
0.570002
0.569669
0.568804
0.567364
0.565333
0.562737
0.559685
0.556361
0.553002
0.549884
0.547283
0.545405
0.544331
0.543954
0.543967
0.543934
0.543421
0.542107
0.539867
0.536723
0.532824
0.528365
0.523524
0.518457
0.513333
0.508344
0.503754
0.49991
0.497246
0.496257
0.497388
0.500873
0.506626
0.514198
0.522863
0.531823
0.540405
0.548198
0.555045
0.560984
0.56613
0.570604
0.574486
0.577782
0.580464
0.58251
0.583907
0.584667
0.584797
0.584272
0.582991
0.580783
0.577404
0.572608
0.566252
0.558406
0.549448
0.54007
0.531166
0.523603
0.517992
0.514532
0.513019
0.512962
0.513756
0.514869
0.515911
0.516715
0.517291
0.517762
0.518247
0.518741
0.5191
0.519086
0.51846
0.517093
0.515036
0.512525
0.509946
0.507771
0.506441
0.506292
0.507521
0.510196
0.514309
0.5198
0.526566
0.534406
0.543006
0.551903
0.56058
0.568563
0.575516
0.581277
0.585896
0.589569
0.592563
0.595126
0.597411
0.599471
0.60125
0.602628
0.603456
0.603563
0.602727
0.600696
0.597231
0.59215
0.585385
0.577048
0.567383
0.556801
0.545845
0.535115
0.52525
0.516804
0.510141
0.505428
0.502705
0.501987
0.50336
0.506991
0.513024
0.521422
0.531838
0.543564
0.555623
0.566903
0.576344
0.583098
0.586667
0.586965
0.584314
0.579368
0.573007
0.566172
0.559699
0.554208
0.550081
0.5475
0.546514
0.547104
0.549187
0.552581
0.55699
0.562011
0.567181
0.572076
0.576403
0.580034
0.583004
0.585449
0.587538
0.589443
0.591312
0.593266
0.595425
0.597865
0.600571
0.603395
0.60605
0.60815
0.609289
0.609165
0.60764
0.604742
0.60067
0.595754
0.590387
0.584931
0.579672
0.574771
0.570321
0.566348
0.562878
0.559988
0.55777
0.556329
0.555703
0.555821
0.556463
0.557294
0.55794
0.558063
0.557403
0.55581
0.553235
0.54976
0.545584
0.54099
0.536378
0.532169
0.528719
0.526258
0.52484
0.524353
0.524579
0.525225
0.525987
0.526609
0.526923
0.526915
0.526763
0.526793
0.527416
0.529019
0.531815
0.535789
0.540674
0.546018
0.551293
0.556057
0.560085
0.563399
0.566192
0.568658
0.570809
0.57248
0.573455
0.573631
0.573135
0.572288
0.571488
0.571091
0.57129
0.572084
0.573336
0.574867
0.576567
0.578467
0.580731
0.583582
0.587144
0.591309
0.595688
0.599663
0.602524
0.603684
0.602797
0.599794
0.594873
0.588416
0.580954
0.573157
0.565872
0.560057
0.556634
0.556218
0.558818
0.563754
0.569745
0.5753
0.579088
0.580212
0.578331
0.573704
0.56716
0.559965
0.553541
0.549067
0.547042
0.547218
0.548838
0.551052
0.55316
0.554679
0.55528
0.55474
0.552921
0.549855
0.545795
0.541212
0.536701
0.532869
0.530216
0.529082
0.529606
0.531727
0.535192
0.539638
0.544625
0.549696
0.554418
0.558394
0.561306
0.562963
0.563286
0.562358
0.560388
0.5577
0.554726
0.551983
0.549974
0.549134
0.549717
0.551763
0.555124
0.559517
0.564586
0.569983
0.575376
0.580433
0.584839
0.588278
0.590482
0.59125
0.590506
0.588278
0.584741
0.580177
0.574969
0.569549
0.564362
0.559818
0.556222
0.553762
0.55245
0.552127
0.552471
0.553078
0.553552
0.553592
0.55305
0.551974
0.55061
0.549332
0.548524
0.54849
0.549337
0.550926
0.552916
0.554856
0.556339
0.557097
0.557069
0.556392
0.555335
0.554161
0.553041
0.552014
0.551013
0.549915
0.548573
0.546861
0.544693
0.542082
0.539147
0.536083
0.533147
0.530568
0.52851
0.527064
0.52625
0.526056
0.526472
0.52749
0.529134
0.53141
0.534275
0.537606
0.541232
0.544991
0.548753
0.552398
0.555774
0.55865
0.560722
0.5617
0.561395
0.559793
0.557106
0.553691
0.549938
0.546102
0.542202
0.538085
0.533656
0.529103
0.524929
0.521758
0.520067
0.519978
0.521302
0.523737
0.526977
0.530724
0.534692
0.538592
0.54219
0.545319
0.547984
0.55035
0.552702
0.555349
0.558534
0.562351
0.566684
0.57121
0.575438
0.578807
0.58077
0.580846
0.578676
0.574062
0.567006
0.557768
0.546918
0.535316
0.524079
0.514357
0.507097
0.502836
0.501644
0.503203
0.506983
0.512399
0.518922
0.526088
0.533495
0.540803
0.547687
0.553868
0.559107
0.563232
0.566187
0.568052
0.569057
0.569553
0.569952
0.570599
0.571713
0.573351
0.575407
0.577663
0.57983
0.581577
0.582614
0.582769
0.582057
0.580707
0.579109
0.577695
0.57686
0.576856
0.577721
0.579321
0.581361
0.583488
0.585337
0.58656
0.586883
0.586101
0.584105
0.580924
0.576741
0.571882
0.566789
0.561949
0.557803
0.554641
0.552523
0.551265
0.550499
0.549845
0.549082
0.548249
0.547655
0.547722
0.548763
0.550804
0.553535
0.556441
0.558983
0.560779
0.561733
0.562002
0.561935
0.56195
0.562399
0.563461
0.565129
0.567236
0.56955
0.571827
0.573863
0.575481
0.576487
0.576665
0.575779
0.573643
0.570156
0.565382
0.559616
0.553366
0.547323
0.542288
0.539008
0.538025
0.539565
0.543483
0.549347
0.556537
0.564349
0.572082
0.579084
0.58481
0.588845
0.591003
0.59137
0.590306
0.588379
0.586203
0.584231
0.582627
0.581308
0.580076
0.578794
0.577494
0.576411
0.575943
0.576483
0.578295
0.581366
0.585344
0.589635
0.593579
0.596662
0.598618
0.59942
0.59926
0.598405
0.59709
0.595416
0.593377
0.590909
0.587981
0.584678
0.581193
0.577778
0.574659
0.571989
0.569882
0.568479
0.56793
0.568382
0.569937
0.572601
0.57627
0.580751
0.585762
0.590983
0.596049
0.600573
0.604167
0.606487
0.607335
0.6067
0.604795
0.602013
0.59884
0.595725
0.592905
0.590281
0.587448
0.583872
0.579049
0.572729
0.565002
0.556403
0.5479
0.540836
0.536624
0.536303
0.540108
0.547283
0.556355
0.56563
0.573604
0.579189
0.581776
0.581235
0.577847
0.572241
0.565315
0.558084
0.551482
0.546224
0.54272
0.541094
0.541262
0.543036
0.546092
0.54999
0.554175
0.558077
0.561249
0.563435
0.564602
0.564865
0.564421
0.56348
0.56223
0.560857
0.559547
0.558495
0.557906
0.558002
0.558938
0.560771
0.563449
0.566789
0.570547
0.574455
0.578263
0.581768
0.58482
0.587337
0.589288
0.590713
0.591696
0.59232
0.59263
0.592565
0.591972
0.590639
0.588417
0.585289
0.581413
0.577102
0.572732
0.568702
0.565344
0.562902
0.561509
0.561188
0.56184
0.563222
0.564974
0.566662
0.567829
0.568042
0.566991
0.564534
0.560723
0.55584
0.550348
0.544858
0.540008
0.536317
0.534081
0.533315
0.533733
0.534856
0.536129
0.537121
0.537633
0.537759
0.537798
0.538126
0.539014
0.540564
0.542761
0.54555
0.54885
0.552563
0.556527
0.560504
0.564194
0.567305
0.569578
0.570788
0.570803
0.569594
0.567291
0.564163
0.560589
0.556975
0.553652
0.550808
0.548533
0.546878
0.545936
0.545856
0.546798
0.54883
0.551865
0.555626
0.559699
0.563623
0.566965
0.56938
0.570642
0.570671
0.569526
0.567398
0.564605
0.561593
0.558963
0.55743
0.557714
0.560335
0.565377
0.57241
0.580562
0.58873
0.595832
0.601041
0.603851
0.604102
0.601922
0.597613
0.591603
0.584365
0.576353
0.568014
0.559775
0.552099
0.545431
0.540162
0.536552
0.534642
0.534218
0.534872
0.536103
0.537436
0.53854
0.5393
0.539785
0.540129
0.54041
0.540599
0.540593
0.540296
0.53975
0.539147
0.538729
0.538698
0.539084
0.539763
0.54058
0.541518
0.542755
0.544606
0.547365
0.551107
0.555582
0.560242
0.564405
0.56748
0.569148
0.569434
0.568667
0.567305
0.565759
0.564303
0.56305
0.562033
0.561362
0.561297
0.562254
0.564683
0.568906
0.574981
0.582642
0.591338
0.600356
0.60893
0.616312
0.621827
0.624936
0.62529
0.622742
0.61738
0.609536
0.599821
0.589072
0.57828
0.568451
0.560388
0.554505
0.550746
0.548688
0.547765
0.54748
0.547564
0.54801
0.548995
0.550703
0.553218
0.556433
0.560035
0.563607
0.566742
0.569177
0.570849
0.571877
0.572488
0.572938
0.573419
0.574068
0.574994
0.576336
0.578215
0.580656
0.583522
0.586459
0.588976
0.590549
0.590767
0.589403
0.586398
0.581806
0.575764
0.568451
0.560072
0.550878
0.541135
0.53112
0.521151
0.511656
0.50323
0.496621
0.492581
0.491658
0.494045
0.499505
0.507433
0.516975
0.527197
0.537218
0.546336
0.554054
0.560063
0.564226
0.566578
0.567307
0.566762
0.56541
0.563773
0.562304
0.561324
0.561003
0.561412
0.562582
0.564553
0.567352
0.570962
0.57528
0.580072
0.584965
0.589499
0.593205
0.595652
0.596561
0.595825
0.593541
0.590019
0.58569
0.581068
0.576663
0.572905
0.570074
0.568317
0.567618
0.567827
0.568736
0.570107
0.571676
0.573197
0.574428
0.575122
0.575046
0.574015
0.571963
0.569014
0.565485
0.561834
0.558565
0.556118
0.554766
0.554592
0.555512
0.5573
0.559655
0.562273
0.564911
0.567412
0.569726
0.571867
0.573888
0.57578
0.577432
0.578611
0.578997
0.578251
0.576077
0.572278
0.566757
0.559566
0.550822
0.540743
0.529658
0.517995
0.506294
0.495188
0.485335
0.477379
0.471867
0.469194
0.469558
0.472916
0.478998
0.487342
0.497323
0.508197
0.519207
0.529611
0.5388
0.54638
0.552219
0.556476
0.559505
0.561698
0.563308
0.564452
0.56516
0.565468
0.565398
0.564928
0.563933
0.562204
0.559504
0.555699
0.55085
0.545263
0.539515
0.534378
0.530699
0.529206
0.530288
0.533905
0.539608
0.546655
0.554174
0.561317
0.567348
0.571698
0.573998
0.574103
0.572076
0.568139
0.562614
0.555874
0.548301
0.540278
0.53219
0.524415
0.517295
0.511075
0.505938
0.502031
0.49947
0.498332
0.498578
0.499964
0.502037
0.504238
0.506075
0.507263
0.507794
0.507929
0.508141
0.508975
0.510906
0.514243
0.51903
0.52504
0.531838
0.538855
0.545496
0.551226
0.555658
0.558583
0.559948
0.559806
0.558225
0.555199
0.550667
0.544613
0.537191
0.528865
0.520413
0.512836
0.507154
0.504185
0.504393
0.507812
0.51407
0.522526
0.532417
0.543006
0.553643
0.563751
0.572785
0.58027
0.585879
0.589457
0.591015
0.590698
0.588697
0.585237
0.580587
0.57511
0.569293
0.563702
0.558895
0.555247
0.552811
0.551246
0.549961
0.548342
0.546054
0.543212
0.540361
0.538283
0.537697
0.538974
0.541964
0.546064
0.550388
0.554026
0.556292
0.556845
0.555783
0.553627
0.551146
0.549002
0.547464
0.546376
0.545381
0.544206
0.542836
0.541463
0.540353
0.539712
0.539598
0.539915
0.540468
0.541035
0.541444
0.541596
0.541478
0.541136
0.540649
0.540114
0.539647
0.539414
0.539646
0.540594
0.542463
0.545314
0.548997
0.553132
0.557152
0.560368
0.562053
0.56152
0.558218
0.55182
0.542379
0.530416
0.516952
0.503367
0.491166
0.481688
0.475831
0.473922
0.475772
0.480778
0.488097
0.496806
0.505994
0.514847
0.522738
0.529289
0.534361
0.538064
0.540689
0.542619
0.5442
0.545612
0.546832
0.547657
0.547757
0.546847
0.544828
0.541928
0.538746
0.536142
0.534953
0.535606
0.537885
0.541056
0.54426
0.546865
0.54861
0.549551
0.549932
0.550089
0.550399
0.551241
0.552912
0.555562
0.559114
0.563217
0.567327
0.570839
0.57326
1.09856
1.09018
1.07532
1.05498
1.03034
1.00267
0.973282
0.943543
0.914992
0.889331
0.868245
0.853051
0.844217
0.841124
0.842287
0.846046
0.85124
0.857357
0.864204
0.871345
0.877835
0.882321
0.883546
0.881011
0.875701
0.870291
0.868152
0.871288
0.879174
0.889719
0.901008
0.911929
0.921768
0.929724
0.934793
0.935924
0.932375
0.924379
0.914199
0.906414
0.905858
0.913741
0.926431
0.938597
0.946473
0.948629
0.945204
0.937113
0.925687
0.912674
0.900304
0.891223
0.887917
0.891741
0.902222
0.917062
0.933055
0.947034
0.956577
0.960408
0.958525
0.952159
0.943418
0.934736
0.928334
0.925624
0.926676
0.930167
0.934023
0.936286
0.935641
0.931501
0.923857
0.913159
0.900272
0.886342
0.872715
0.860774
0.851718
0.846295
0.844601
0.846083
0.849748
0.854489
0.859353
0.863657
0.867005
0.869252
0.870442
0.870724
0.870227
0.868957
0.866771
0.863504
0.859221
0.85441
0.850045
0.847429
0.847747
0.851454
0.857996
0.865963
0.873743
0.880127
0.884613
0.887331
0.888831
0.889892
0.891363
0.893946
0.897999
0.90341
0.909573
0.915584
0.920525
0.923696
0.924807
0.923921
0.921334
0.91733
0.912013
0.905224
0.896771
0.886786
0.876068
0.866106
0.858556
0.854362
0.853085
0.853079
0.85223
0.848823
0.842003
0.831803
0.818974
0.80474
0.790601
0.778113
0.768713
0.763522
0.76318
0.767774
0.776916
0.789981
0.8063
0.825063
0.845128
0.864905
0.882592
0.896611
0.906049
0.910811
0.911502
0.909204
0.905184
0.900663
0.89663
0.893651
0.891801
0.890707
0.889725
0.888088
0.885156
0.88057
0.874265
0.866535
0.858075
0.849913
0.843252
0.839165
0.838345
0.840912
0.846508
0.854483
0.864056
0.874433
0.884797
0.894349
0.902336
0.908163
0.911529
0.912666
0.912562
0.913074
0.916489
0.924402
0.936513
0.950668
0.964187
0.975112
0.982589
0.986606
0.987678
0.986552
0.984067
0.980968
0.977667
0.974122
0.969878
0.964156
0.956198
0.945533
0.932269
0.917179
0.901517
0.886704
0.873976
0.864144
0.857665
0.854737
0.855372
0.859333
0.866084
0.87471
0.883895
0.892068
0.897683
0.899492
0.89677
0.88939
0.877792
0.862802
0.845442
0.826915
0.808747
0.792964
0.782106
0.778617
0.783616
0.795893
0.812236
0.828936
0.843138
0.853244
0.858722
0.859862
0.857569
0.853208
0.848342
0.844414
0.842401
0.842665
0.84501
0.848948
0.853944
0.859592
0.865624
0.871765
0.877665
0.882857
0.886796
0.888943
0.888861
0.886175
0.880612
0.872085
0.86088
0.847786
0.834081
0.821309
0.810885
0.803738
0.800081
0.799434
0.80087
0.803273
0.805671
0.80746
0.80865
0.809911
0.81233
0.81688
0.823902
0.832962
0.843142
0.853629
0.864178
0.87532
0.887959
0.90249
0.918104
0.932837
0.944362
0.950813
0.951242
0.945578
0.93447
0.919243
0.902077
0.886196
0.875375
0.872458
0.877742
0.889014
0.903191
0.91794
0.932163
0.945571
0.958171
0.969801
0.979906
0.987514
0.991408
0.990548
0.984609
0.974428
0.962082
0.950437
0.942192
0.938825
0.94011
0.94429
0.948762
0.951077
0.949694
0.944466
0.936587
0.928078
0.920968
0.916564
0.915118
0.915977
0.917889
0.9193
0.918571
0.914256
0.905438
0.892075
0.875203
0.857035
0.84059
0.828707
0.822837
0.822544
0.826306
0.832671
0.840653
0.849443
0.858101
0.865753
0.87197
0.876975
0.881591
0.886962
0.894181
0.90393
0.916106
0.929711
0.943084
0.954422
0.962341
0.966104
0.96564
0.961417
0.954236
0.945164
0.935412
0.926199
0.918555
0.913056
0.909635
0.90757
0.905775
0.903182
0.899065
0.89331
0.886485
0.879707
0.874238
0.870957
0.870046
0.871038
0.873199
0.875949
0.879089
0.882752
0.887026
0.891551
0.895521
0.898056
0.898693
0.897552
0.895215
0.892402
0.889629
0.886999
0.884105
0.880268
0.874856
0.867626
0.858764
0.848841
0.838645
0.829036
0.820868
0.814942
0.811921
0.812185
0.815763
0.822225
0.830767
0.840354
0.85004
0.859201
0.867522
0.874811
0.880682
0.884552
0.885826
0.884152
0.879575
0.872522
0.863721
0.854107
0.844692
0.836413
0.829887
0.8253
0.822524
0.821319
0.821553
0.823227
0.826382
0.831012
0.837003
0.844196
0.852412
0.861464
0.871114
0.881035
0.890784
0.899817
0.907487
0.913084
0.915904
0.915389
0.911253
0.903492
0.892307
0.878018
0.861078
0.842181
0.822406
0.803147
0.785967
0.772417
0.763796
0.760942
0.764148
0.773091
0.786878
0.8042
0.823513
0.843309
0.862296
0.879512
0.894329
0.906411
0.915669
0.922166
0.926082
0.927697
0.927379
0.925638
0.922975
0.919751
0.916031
0.911681
0.906704
0.90164
0.897682
0.896006
0.896717
0.898423
0.898938
0.896445
0.890254
0.88095
0.869991
0.859046
0.849374
0.841709
0.836533
0.834384
0.83572
0.840357
0.847038
0.853597
0.857704
0.857689
0.853036
0.844485
0.833742
0.822822
0.813431
0.80668
0.80316
0.803095
0.806327
0.812218
0.819676
0.827415
0.834267
0.839465
0.842789
0.844571
0.845516
0.846538
0.8486
0.852605
0.859215
0.868723
0.88086
0.894859
0.909693
0.924402
0.938323
0.951103
0.962486
0.972031
0.979022
0.982558
0.981754
0.976041
0.965374
0.950303
0.931929
0.911805
0.891754
0.873587
0.858667
0.847551
0.839936
0.835049
0.832293
0.831612
0.833383
0.837858
0.844643
0.852535
0.859785
0.864586
0.865544
0.862059
0.854474
0.844179
0.833378
0.824598
0.819874
0.820007
0.824375
0.831323
0.838872
0.845399
0.850096
0.853054
0.855044
0.857074
0.859925
0.863854
0.868574
0.873365
0.877302
0.8795
0.879373
0.876898
0.87269
0.867795
0.863274
0.85968
0.856858
0.854281
0.851724
0.849769
0.849631
0.852507
0.858893
0.868265
0.879305
0.890449
0.900295
0.907808
0.912329
0.913468
0.911152
0.905786
0.898444
0.890764
0.884447
0.880715
0.880043
0.882227
0.886539
0.891901
0.897155
0.901411
0.904277
0.905822
0.906375
0.906399
0.906495
0.907305
0.909048
0.91097
0.91157
0.909522
0.904592
0.897789
0.890786
0.885092
0.881441
0.879698
0.879115
0.87874
0.877738
0.875578
0.87203
0.867135
0.861166
0.854531
0.847764
0.841519
0.836598
0.833882
0.834126
0.837667
0.844223
0.852906
0.862496
0.87188
0.880336
0.887599
0.893613
0.898211
0.901066
0.901854
0.900405
0.896713
0.890757
0.882493
0.871931
0.859274
0.845051
0.830256
0.816459
0.805641
0.799832
0.800367
0.807326
0.819428
0.834416
0.849679
0.862857
0.872312
0.877319
0.877968
0.874917
0.869063
0.861278
0.852287
0.842592
0.832572
0.822646
0.813488
0.806135
0.801916
0.80202
0.807034
0.816729
0.830193
0.846165
0.863269
0.880036
0.89492
0.906531
0.913954
0.917051
0.916453
0.913303
0.908849
0.904094
0.899701
0.896088
0.893609
0.892588
0.893244
0.895483
0.898814
0.902505
0.905935
0.908835
0.911346
0.913787
0.916387
0.919232
0.922341
0.925843
0.929909
0.934558
0.939486
0.944043
0.947449
0.949055
0.948635
0.946573
0.943828
0.941648
0.941043
0.942318
0.944954
0.947921
0.950151
0.950827
0.949452
0.945797
0.939833
0.931792
0.922236
0.912112
0.902643
0.895117
0.890552
0.889342
0.891137
0.895134
0.900439
0.906477
0.912977
0.919658
0.925986
0.93122
0.934662
0.935854
0.934638
0.931143
0.925667
0.918561
0.910165
0.900684
0.89033
0.879399
0.868318
0.857642
0.847991
0.840098
0.834807
0.832903
0.834812
0.840349
0.848665
0.858452
0.868303
0.877006
0.883679
0.887787
0.889088
0.88756
0.883474
0.87741
0.870236
0.862971
0.856476
0.851156
0.846917
0.843407
0.840413
0.838147
0.837262
0.838544
0.842571
0.849375
0.858405
0.868706
0.879135
0.888535
0.895922
0.900593
0.902234
0.90092
0.89704
0.891295
0.884616
0.878053
0.872529
0.868568
0.866199
0.864985
0.864291
0.863522
0.862348
0.86085
0.859475
0.858866
0.859586
0.861947
0.866049
0.871889
0.879425
0.88853
0.898856
0.909859
0.920983
0.931887
0.942562
0.95317
0.963721
0.973817
0.982764
0.989793
0.994286
0.99581
0.994112
0.989137
0.981114
0.970635
0.958691
0.946624
0.936012
0.928364
0.9247
0.925056
0.928372
0.932719
0.935767
0.935308
0.9298
0.919031
0.904545
0.889096
0.874925
0.862596
0.85152
0.841129
0.831334
0.822387
0.814808
0.809398
0.807114
0.808684
0.814243
0.823269
0.834794
0.847802
0.861526
0.875471
0.889252
0.902384
0.914222
0.924071
0.931412
0.936081
0.938329
0.938742
0.938048
0.936813
0.935257
0.933198
0.930187
0.925748
0.919615
0.911965
0.903403
0.894807
0.887005
0.880485
0.875264
0.870929
0.866851
0.862375
0.85703
0.850687
0.843574
0.836262
0.829526
0.824149
0.820693
0.81942
0.820337
0.823325
0.828229
0.834853
0.842917
0.851957
0.861341
0.870428
0.878756
0.886177
0.892803
0.898839
0.904292
0.908768
0.911593
0.912107
0.910018
0.905594
0.899613
0.89325
0.887849
0.884567
0.883971
0.885728
0.888627
0.890996
0.891226
0.888313
0.882151
0.873572
0.864098
0.855474
0.849217
0.846253
0.846726
0.85
0.854834
0.859803
0.863808
0.866423
0.867889
0.868877
0.870047
0.87167
0.873502
0.874982
0.875593
0.875133
0.873783
0.872014
0.870388
0.869328
0.868988
0.869166
0.86945
0.869374
0.868594
0.866932
0.864383
0.861056
0.857124
0.852913
0.848955
0.846
0.844768
0.845595
0.848138
0.851335
0.853782
0.854334
0.852509
0.848663
0.843881
0.839652
0.837501
0.838603
0.843508
0.852001
0.863204
0.875852
0.888622
0.900414
0.910485
0.918452
0.924149
0.927457
0.928236
0.92634
0.92176
0.914692
0.905667
0.895491
0.885115
0.875454
0.867305
0.861239
0.857556
0.856261
0.857009
0.859252
0.862383
0.865858
0.869197
0.871908
0.873446
0.873307
0.871183
0.867112
0.861528
0.85515
0.848829
0.843357
0.839265
0.836704
0.835516
0.835351
0.835889
0.83696
0.838589
0.840964
0.844351
0.848935
0.854679
0.861237
0.867874
0.873542
0.877073
0.877422
0.873912
0.866443
0.855535
0.842218
0.827897
0.814132
0.802412
0.793974
0.789724
0.79021
0.795595
0.805624
0.819654
0.836736
0.855626
0.874822
0.892755
0.907963
0.91927
0.925948
0.927708
0.924638
0.917158
0.905966
0.892052
0.876655
0.861201
0.84721
0.836171
0.829393
0.827781
0.831523
0.839884
0.851313
0.863899
0.875885
0.886049
0.893805
0.899039
0.901924
0.90278
0.902095
0.90058
0.899213
0.899137
0.901313
0.906158
0.913337
0.921897
0.930548
0.938002
0.94318
0.945317
0.944065
0.939476
0.931896
0.921772
0.909595
0.89598
0.881844
0.868463
0.85741
0.850298
0.848433
0.852392
0.861682
0.874702
0.889097
0.902385
0.91256
0.918494
0.920016
0.91777
0.913018
0.907338
0.902348
0.899402
0.899289
0.902032
0.906887
0.912567
0.917626
0.920839
0.921478
0.91941
0.91494
0.908611
0.900951
0.892362
0.883147
0.873626
0.864274
0.855724
0.848669
0.843732
0.841281
0.841397
0.843924
0.848589
0.855109
0.863209
0.872453
0.882128
0.891238
0.898661
0.903372
0.90459
0.901883
0.895221
0.885019
0.872201
0.858176
0.844718
0.833839
0.827469
0.827037
0.833001
0.844412
0.859075
0.874159
0.887041
0.895901
0.899894
0.899057
0.89413
0.886273
0.876715
0.866484
0.856285
0.84657
0.837615
0.829569
0.822416
0.816014
0.810251
0.805413
0.80243
0.802766
0.807914
0.81866
0.834579
0.854173
0.875309
0.895818
0.913878
0.928126
0.937678
0.942065
0.941193
0.935385
0.925502
0.913103
0.900332
0.889317
0.881112
0.875132
0.869739
0.863506
0.855905
0.847189
0.837823
0.828145
0.818338
0.808674
0.799847
0.7931
0.790017
0.791987
0.799559
0.812069
0.827793
0.844439
0.859744
0.871921
0.879889
0.883315
0.882539
0.878405
0.872115
0.86502
0.858394
0.853201
0.849965
0.848647
0.848766
0.849616
0.850553
0.851228
0.851683
0.852244
0.85329
0.854947
0.856923
0.85843
0.858343
0.855511
0.849292
0.840117
0.829784
0.821244
0.817703
0.821361
0.832419
0.849054
0.868297
0.887181
0.903595
0.916598
0.926273
0.933193
0.93773
0.939614
0.938057
0.932341
0.922364
0.908899
0.893506
0.878232
0.865126
0.855732
0.850719
0.849799
0.852069
0.856424
0.861875
0.867723
0.873511
0.878881
0.883472
0.886884
0.888739
0.888797
0.886992
0.883411
0.878325
0.872257
0.86596
0.860354
0.856307
0.854382
0.854701
0.857075
0.86118
0.866785
0.873777
0.882026
0.891224
0.900731
0.909613
0.916795
0.92121
0.921986
0.918611
0.910899
0.899015
0.883493
0.865264
0.845724
0.82672
0.810293
0.798319
0.792039
0.791666
0.796244
0.803845
0.812113
0.819022
0.823605
0.826301
0.828732
0.83289
0.840069
0.850258
0.862451
0.875294
0.887546
0.89818
0.906204
0.910621
0.910591
0.905647
0.895907
0.882113
0.86553
0.847822
0.830872
0.816462
0.80593
0.799956
0.798584
0.801298
0.807033
0.814262
0.821264
0.826632
0.829548
0.829875
0.828071
0.825026
0.821927
0.820187
0.821163
0.825826
0.834468
0.846504
0.860539
0.874603
0.886654
0.89507
0.899053
0.898811
0.895452
0.890523
0.885522
0.881527
0.879098
0.8784
0.879381
0.88186
0.885511
0.88981
0.894015
0.897254
0.89872
0.897879
0.894569
0.888964
0.881472
0.872645
0.863113
0.853689
0.845502
0.839869
0.837836
0.839709
0.845101
0.853417
0.864174
0.87696
0.891164
0.90584
0.919854
0.932144
0.941953
0.948948
0.953165
0.954861
0.954471
0.952615
0.950045
0.947463
0.945254
0.943333
0.941224
0.938293
0.933936
0.92769
0.919176
0.908173
0.89469
0.879184
0.862638
0.846546
0.832709
0.822678
0.817113
0.81545
0.816397
0.818919
0.822797
0.828426
0.836179
0.845995
0.857343
0.869379
0.881141
0.89166
0.900127
0.906078
0.909489
0.910719
0.91047
0.909614
0.909085
0.909779
0.912367
0.91706
0.923465
0.930601
0.937195
0.942004
0.944162
0.943435
0.940248
0.935615
0.930885
0.927408
0.926106
0.927059
0.929535
0.932367
0.934563
0.935759
0.936305
0.937011
0.938636
0.941416
0.944805
0.947612
0.948321
0.945584
0.938568
0.927025
0.911088
0.891178
0.868098
0.843249
0.818828
0.797719
0.782912
0.776435
0.778409
0.787064
0.799991
0.815367
0.832239
0.850029
0.867954
0.884881
0.899556
0.91091
0.91825
0.921315
0.920277
0.915678
0.908304
0.899077
0.888867
0.878334
0.867809
0.857284
0.846551
0.835454
0.824287
0.814014
0.806151
0.802104
0.802632
0.80774
0.817077
0.830091
0.845705
0.862061
0.876628
0.886701
0.890157
0.886248
0.876252
0.863508
0.852353
0.846072
0.845439
0.849156
0.855354
0.862467
0.869266
0.874776
0.878387
0.880095
0.880533
0.880616
0.881034
0.882113
0.884037
0.887078
0.891406
0.896756
0.902385
0.90741
0.911204
0.913606
0.91488
0.915587
0.916383
0.917863
0.920383
0.923879
0.92786
0.931573
0.934455
0.936504
0.93834
0.940834
0.944554
0.949443
0.954974
0.960443
0.96522
0.968905
0.971293
0.972298
0.971901
0.970126
0.967036
0.962827
0.957813
0.952366
0.946823
0.941417
0.936246
0.931251
0.926144
0.920303
0.912832
0.902955
0.890548
0.876375
0.861907
0.848794
0.838455
0.831963
0.830058
0.832866
0.839598
0.848678
0.858286
0.867086
0.874651
0.881249
0.887167
0.892074
0.894953
0.894628
0.89032
0.881903
0.869933
0.855623
0.840757
0.827375
0.817234
0.811252
0.809481
0.811416
0.81617
0.822562
0.829319
0.835466
0.840604
0.84498
0.849357
0.854655
0.861564
0.870342
0.880838
0.892636
0.905274
0.918303
0.931258
0.94359
0.954565
0.963286
0.968789
0.97023
0.967043
0.959082
0.946682
0.93067
0.912352
0.893473
0.876139
0.862555
0.854588
0.853169
0.857976
0.867544
0.879753
0.892411
0.903679
0.912262
0.917469
0.919188
0.917867
0.914421
0.909966
0.905554
0.901897
0.899294
0.897669
0.896641
0.895547
0.893623
0.890253
0.885206
0.878725
0.871473
0.864373
0.858335
0.85397
0.851343
0.850035
0.849418
0.848945
0.848207
0.84684
0.844507
0.840991
0.836405
0.831351
0.826982
0.824706
0.825716
0.830424
0.838196
0.847463
0.856237
0.862576
0.864885
0.862169
0.854258
0.84209
0.827592
0.813088
0.800376
0.790295
0.782954
0.778172
0.775716
0.775324
0.776782
0.78001
0.78506
0.791961
0.80052
0.810226
0.820328
0.830092
0.839054
0.847041
0.85405
0.859991
0.864616
0.867687
0.869078
0.868731
0.866487
0.862121
0.855559
0.84728
0.838431
0.830573
0.825245
0.823526
0.825773
0.831499
0.839423
0.84784
0.855092
0.860022
0.86224
0.862119
0.860604
0.858903
0.858112
0.858966
0.861747
0.866319
0.872219
0.878762
0.88522
0.890995
0.895756
0.899468
0.902311
0.904483
0.906065
0.906962
0.90697
0.90598
0.904159
0.901959
0.900024
0.898882
0.898531
0.898365
0.897535
0.895484
0.892237
0.888141
0.883347
0.877619
0.870587
0.862265
0.853399
0.845472
0.840325
0.839576
0.843997
0.853248
0.866005
0.880359
0.894099
0.904983
0.911055
0.911002
0.904459
0.892083
0.875385
0.856319
0.836773
0.818135
0.801261
0.78669
0.774908
0.766397
0.761559
0.76072
0.764132
0.771907
0.783886
0.799489
0.817707
0.837215
0.85646
0.87384
0.887846
0.897301
0.901633
0.900989
0.896212
0.888455
0.878809
0.86809
0.856867
0.845711
0.835431
0.827048
0.82161
0.819983
0.822655
0.829635
0.840389
0.853822
0.868389
0.882299
0.893792
0.901454
0.904479
0.902831
0.897184
0.888776
0.879133
0.869766
0.861848
0.855861
0.851467
0.847738
0.843722
0.839071
0.834309
0.830769
0.830111
0.833535
0.841154
0.851718
0.862956
0.872316
0.877678
0.877859
0.872983
0.864547
0.855155
0.847707
0.844434
0.846272
0.852947
0.863404
0.876185
0.889554
0.901633
0.910608
0.915001
0.913974
0.907484
0.896293
0.881907
0.866313
0.851569
0.839366
0.830678
0.825714
0.824114
0.825226
0.828346
0.832803
0.838058
0.843744
0.849674
0.855766
0.861899
0.867795
0.873042
0.877225
0.880158
0.881936
0.882871
0.88342
0.884035
0.884982
0.886208
0.887453
0.888469
0.88925
0.890051
0.891166
0.892699
0.894547
0.896479
0.898322
0.900036
0.901683
0.9033
0.904651
0.905091
0.903651
0.899481
0.892396
0.88317
0.87333
0.864583
0.858291
0.855214
0.855561
0.858969
0.864549
0.871127
0.87769
0.883827
0.889887
0.896704
0.905079
0.915185
0.926378
0.937464
0.947262
0.954998
0.960466
0.963909
0.96573
0.966246
0.96554
0.963502
0.960005
0.955051
0.948782
0.941435
0.933385
0.92511
0.917156
0.910071
0.904278
0.899965
0.897079
0.895312
0.894108
0.892722
0.890297
0.886066
0.879522
0.87057
0.859604
0.847432
0.835197
0.824276
0.816111
0.811921
0.81223
0.816491
0.823217
0.830521
0.836832
0.841246
0.843578
0.844238
0.844025
0.843902
0.844833
0.84766
0.852906
0.860638
0.870341
0.88099
0.891351
0.900286
0.906943
0.910804
0.911622
0.909389
0.904336
0.896947
0.888003
0.878573
0.86986
0.862963
0.858597
0.857017
0.858107
0.861487
0.866529
0.87237
0.878074
0.882857
0.886273
0.888253
0.889107
0.889324
0.889441
0.889906
0.891066
0.893166
0.896329
0.900467
0.90521
0.909805
0.913112
0.913849
0.910951
0.903931
0.893185
0.880082
0.866728
0.855442
0.848081
0.8455
0.847509
0.853232
0.861496
0.871081
0.880702
0.889043
0.894794
0.896787
0.894276
0.887159
0.876143
0.862975
0.850501
0.842281
0.841334
0.848512
0.861952
0.878234
0.894059
0.907212
0.91666
0.922249
0.924365
0.923675
0.921041
0.917452
0.913893
0.911233
0.90998
0.910044
0.910746
0.910965
0.909485
0.905379
0.898476
0.889584
0.880455
0.873373
0.870338
0.872301
0.878849
0.88855
0.89964
0.910597
0.920331
0.928065
0.933144
0.934982
0.933134
0.927361
0.917714
0.904531
0.888611
0.871415
0.855132
0.84227
0.834727
0.83299
0.835996
0.841906
0.849019
0.856304
0.863487
0.870745
0.87835
0.886357
0.894473
0.902164
0.908828
0.91405
0.917741
0.92016
0.921717
0.922719
0.923211
0.923041
0.922005
0.920008
0.917157
0.913709
0.910026
0.906451
0.903183
0.900231
0.897445
0.894544
0.891105
0.886539
0.880163
0.87139
0.859964
0.846237
0.831381
0.817491
0.80743
0.804072
0.808806
0.820315
0.834961
0.848605
0.858178
0.862178
0.860338
0.853116
0.84133
0.82598
0.808184
0.789248
0.770734
0.754484
0.742395
0.735892
0.735488
0.740655
0.750315
0.763376
0.77883
0.795484
0.811668
0.825356
0.834795
0.839174
0.839008
0.836156
0.833372
0.833424
0.838147
0.847886
0.861663
0.87776
0.894381
0.910043
0.923764
0.935142
0.944214
0.951229
0.956392
0.959619
0.960633
0.959188
0.955264
0.949094
0.940988
0.931213
0.920035
0.907777
0.894914
0.882047
0.869826
0.85889
0.849774
0.842876
0.838469
0.836625
0.837089
0.839179
0.841779
0.84362
0.843694
0.84178
0.838647
0.835797
0.83468
0.836004
0.83947
0.844246
0.849559
0.855042
0.860697
0.866693
0.873149
0.879995
0.886908
0.893271
0.898228
0.90085
0.900473
0.896986
0.890942
0.883434
0.875784
0.869338
0.865444
0.86546
0.870387
0.880027
0.89255
0.905142
0.915165
0.920938
0.921876
0.918308
0.91118
0.901777
0.891524
0.881949
0.87461
0.870883
0.87153
0.87629
0.883923
0.892715
0.901054
0.907805
0.912407
0.914866
0.915666
0.915476
0.914926
0.914335
0.913768
0.913243
0.913029
0.913721
0.91594
0.919634
0.923594
0.925806
0.92448
0.91902
0.910368
0.900596
0.892085
0.886552
0.884586
0.885791
0.889348
0.894462
0.900501
0.906969
0.913499
0.919738
0.925335
0.929895
0.933013
0.934421
0.9341
0.93239
0.92993
0.927521
0.926035
0.926177
0.928166
0.93144
0.934727
0.936446
0.935149
0.929801
0.919972
0.90591
0.888711
0.870393
0.853731
0.841634
0.836297
0.838475
0.847284
0.860641
0.876029
0.891177
0.90437
0.914521
0.921094
0.924006
0.923569
0.920482
0.915743
0.910639
0.90651
0.904532
0.905413
0.909313
0.915914
0.924596
0.934575
0.944862
0.95428
0.96161
0.965915
0.966794
0.964575
0.960194
0.954907
0.949911
0.945928
0.943137
0.941369
0.940411
0.94029
0.941194
0.943202
0.946005
0.948923
0.951341
0.953036
0.954226
0.955341
0.956677
0.958186
0.959403
0.959555
0.957793
0.953562
0.947047
0.939593
0.933609
0.931553
0.934304
0.940387
0.946886
0.951038
0.951157
0.946704
0.937967
0.925687
0.910855
0.894537
0.877772
0.861572
0.846989
0.835057
0.826688
0.82247
0.822544
0.826555
0.833733
0.843064
0.853514
0.864191
0.874434
0.883709
0.891545
0.897487
0.901077
0.901855
0.899377
0.893309
0.88354
0.870337
0.854457
0.83719
0.820282
0.805785
0.795858
0.792397
0.796459
0.807708
0.824251
0.843236
0.861822
0.877936
0.890525
0.899355
0.904622
0.906654
0.905753
0.902178
0.89619
0.888078
0.878221
0.867172
0.855752
0.845046
0.836306
0.830693
0.828973
0.831215
0.83667
0.843929
0.851278
0.857185
0.860699
0.861625
0.860533
0.858538
0.857002
0.85721
0.860027
0.865724
0.873943
0.883975
0.895048
0.906557
0.918044
0.92909
0.939209
0.947846
0.954461
0.958594
0.959761
0.957426
0.95103
0.940189
0.924974
0.906191
0.88543
0.864788
0.846375
0.831692
0.82132
0.815051
0.812228
0.812037
0.813588
0.815897
0.818
0.819171
0.81913
0.818122
0.816866
0.816296
0.817221
0.820073
0.824821
0.831156
0.838629
0.846767
0.85505
0.862826
0.869295
0.8737
0.875553
0.87491
0.872513
0.869599
0.86741
0.866568
0.866774
0.867024
0.866138
0.863527
0.859739
0.856461
0.85575
0.858761
0.865001
0.872696
0.879905
0.885418
0.889052
0.89139
0.893279
0.895371
0.897907
0.900787
0.903909
0.907463
0.911953
0.917811
0.92492
0.932386
0.938864
0.943087
0.944315
0.942531
0.938433
0.933145
0.927858
0.923315
0.919569
0.91604
0.911895
0.906564
0.900035
0.8929
0.886109
0.880695
0.877482
0.876952
0.879191
0.884055
0.891259
0.900454
0.91129
0.923367
0.936197
0.949177
0.9616
0.972685
0.981642
0.987816
0.990844
0.990815
0.988217
0.983608
0.97742
0.970022
0.961941
0.953857
0.946426
0.939989
0.934527
0.929789
0.925431
0.921124
0.916608
0.911696
0.906278
0.900349
0.89402
0.88755
0.88128
0.875623
0.871039
0.867948
0.866648
0.86711
0.868844
0.870895
0.872104
0.871472
0.868435
0.862883
0.855021
0.845243
0.834129
0.822509
0.811495
0.802398
0.79655
0.795017
0.79842
0.806795
0.819545
0.835479
0.852964
0.870187
0.885499
0.89777
0.906628
0.912354
0.915607
0.917133
0.917456
0.916866
0.915537
0.913746
0.911991
0.910894
0.910969
0.912274
0.914262
0.915828
0.91563
0.91251
0.905879
0.895972
0.883941
0.87162
0.860995
0.853581
0.849975
0.849834
0.852254
0.856245
0.861022
0.866071
0.871102
0.875939
0.880363
0.884099
0.886815
1.09924
1.09359
1.08289
1.0676
1.04915
1.03008
1.01321
1.00059
0.993028
0.990602
0.992993
0.999577
1.00953
1.02186
1.03537
1.0486
1.06003
1.0683
1.07256
1.07262
1.069
1.06267
1.05471
1.04568
1.03538
1.0231
1.00835
0.991587
0.97425
0.958314
0.945621
0.937461
0.934391
0.936138
0.941702
0.949742
0.95911
0.969159
0.979513
0.98966
0.998665
1.00542
1.00943
1.01182
1.01511
1.02131
1.02997
1.03885
1.04626
1.05202
1.05676
1.06059
1.06278
1.06207
1.05744
1.04865
1.03638
1.02204
1.00742
0.994261
0.983949
0.977323
0.974563
0.975241
0.97839
0.982708
0.986928
0.990189
0.99226
0.993531
0.994758
0.996635
0.999521
1.00343
1.00819
1.01368
1.01987
1.02679
1.03431
1.04209
1.04959
1.05617
1.06122
1.06431
1.06524
1.06408
1.06109
1.0567
1.05145
1.04604
1.04129
1.03821
1.03789
1.04109
1.04767
1.05655
1.06621
1.07548
1.08367
1.09039
1.09505
1.09676
1.09435
1.08697
1.07478
1.05964
1.04538
1.03701
1.03858
1.05097
1.07147
1.09536
1.118
1.13617
1.14814
1.15336
1.15195
1.14434
1.13114
1.11298
1.09068
1.0653
1.0384
1.01217
0.989313
0.972404
0.963128
0.961632
0.966603
0.976017
0.987932
1.00076
1.01308
1.02332
1.02973
1.03072
1.02566
1.01529
1.00191
0.988965
0.979956
0.977246
0.981266
0.990765
1.00362
1.01771
1.03135
1.04336
1.05307
1.06016
1.06456
1.06632
1.06543
1.06169
1.05477
1.04453
1.03137
1.01662
1.00249
0.991702
0.986713
0.988901
0.998329
1.01395
1.03393
1.05579
1.07654
1.09325
1.10381
1.10733
1.10419
1.09573
1.08371
1.06995
1.05595
1.04261
1.03017
1.0184
1.00692
0.995414
0.983772
0.972276
0.961825
0.953965
0.950473
0.952537
0.960163
0.972137
0.986565
1.00121
1.01377
1.02227
1.02547
1.02328
1.01676
1.00776
0.998448
0.990838
0.986524
0.98646
0.990738
0.998561
1.00854
1.0192
1.02946
1.0387
1.04655
1.05269
1.05694
1.05951
1.06093
1.06164
1.0613
1.05882
1.05312
1.04398
1.03226
1.0196
1.0079
0.998899
0.993775
0.993031
0.996451
1.00325
1.01231
1.02247
1.03264
1.04183
1.04916
1.0539
1.05566
1.05447
1.05086
1.04556
1.03923
1.03223
1.0247
1.01672
1.00853
1.00046
0.992669
0.985023
0.977258
0.969286
0.961322
0.953826
0.947359
0.942495
0.939805
0.939767
0.942555
0.947765
0.954344
0.960844
0.965898
0.968571
0.96856
0.966209
0.962467
0.958705
0.956424
0.956964
0.961171
0.969104
0.979947
0.992203
1.00403
1.0136
1.01941
1.0204
1.01607
1.00653
0.992635
0.976194
0.959926
0.947403
0.942518
0.948115
0.963708
0.984718
1.00472
1.01892
1.02574
1.02642
1.02364
1.02017
1.01806
1.01827
1.0209
1.02555
1.0318
1.03935
1.04799
1.05723
1.06605
1.07299
1.07657
1.07576
1.07049
1.0618
1.05191
1.0435
1.03875
1.03837
1.04146
1.04613
1.05063
1.0539
1.05562
1.0558
1.05446
1.05148
1.04679
1.04065
1.03375
1.02708
1.02162
1.01792
1.01602
1.01549
1.01573
1.01612
1.01613
1.01525
1.01303
1.00915
1.00349
0.996121
0.987241
0.97729
0.966978
0.957267
0.949116
0.943082
0.939171
0.93695
0.935853
0.935453
0.935529
0.935956
0.936539
0.936942
0.936766
0.935817
0.934416
0.933516
0.934469
0.93845
0.945887
0.956303
0.968527
0.981133
0.992736
1.00214
1.00841
1.011
1.00997
1.00598
1.0004
0.995217
0.992503
0.99336
0.996999
1.00107
1.00293
1.00088
0.994536
0.984758
0.973302
0.962397
0.95423
0.95033
0.951089
0.955865
0.963493
0.973035
0.984214
0.997243
1.01238
1.02931
1.04698
1.06377
1.07798
1.08807
1.09292
1.09189
1.08475
1.07176
1.05373
1.03203
1.00856
0.985272
0.96369
0.944966
0.930233
0.920722
0.917206
0.919315
0.925586
0.934359
0.944649
0.956057
0.967939
0.978901
0.987302
0.992098
0.993255
0.99137
0.987012
0.980536
0.972704
0.965356
0.961009
0.961608
0.967516
0.977175
0.987364
0.994395
0.996282
0.994563
0.993893
0.998923
1.01044
1.02489
1.03727
1.04399
1.04371
1.03682
1.02489
1.01024
0.995714
0.984128
0.977607
0.976914
0.981146
0.988183
0.995392
1.00028
1.00071
0.995289
0.983744
0.967554
0.950147
0.936097
0.92912
0.93029
0.938049
0.949707
0.962791
0.975508
0.986725
0.995858
1.00285
1.00805
1.01198
1.01494
1.01676
1.01679
1.01403
1.00762
0.997225
0.983583
0.968934
0.95678
0.950727
0.952754
0.962119
0.975807
0.9898
1.0002
1.00403
0.999687
0.987232
0.968501
0.946912
0.927093
0.913844
0.910527
0.917615
0.932557
0.950981
0.968339
0.981327
0.988603
0.990894
0.990266
0.988712
0.986862
0.983831
0.978596
0.971481
0.964691
0.961533
0.964767
0.975161
0.991043
1.00896
1.02504
1.03621
1.04074
1.03822
1.02934
1.01567
0.999428
0.983032
0.968443
0.956686
0.948008
0.942493
0.94054
0.942765
0.949432
0.960027
0.973313
0.987719
1.00186
1.01486
1.02652
1.03721
1.04758
1.05818
1.06892
1.07883
1.08632
1.09005
1.08971
1.08634
1.0816
1.07686
1.07291
1.07027
1.06901
1.0683
1.06663
1.06263
1.05565
1.04553
1.03225
1.01587
0.997064
0.977618
0.960399
0.948621
0.944735
0.949613
0.962265
0.980327
1.00093
1.02133
1.03922
1.05292
1.06151
1.06468
1.0627
1.05617
1.04602
1.03349
1.02026
1.00833
0.999775
0.996265
0.998541
1.0061
1.01732
1.03003
1.04219
1.05236
1.05986
1.06472
1.06744
1.06873
1.0692
1.06931
1.06916
1.06862
1.06744
1.06542
1.06267
1.0596
1.05683
1.05481
1.05349
1.05206
1.04904
1.04282
1.03236
1.01786
1.00084
0.983545
0.968354
0.957379
0.952256
0.95344
0.959641
0.968338
0.976913
0.98333
0.986203
0.984866
0.979612
0.971823
0.963638
0.957209
0.9538
0.953424
0.955175
0.957899
0.960749
0.963347
0.965644
0.967658
0.969301
0.970291
0.970223
0.968754
0.965815
0.961836
0.957594
0.953867
0.951108
0.949419
0.948837
0.949642
0.952388
0.957666
0.965759
0.976339
0.988323
1.00007
1.00995
1.01687
1.02061
1.02172
1.02113
1.01965
1.01778
1.01584
1.01415
1.01312
1.01308
1.01405
1.01564
1.01732
1.0188
1.02042
1.02311
1.02782
1.03479
1.04334
1.05229
1.06055
1.06733
1.07218
1.07493
1.07577
1.07516
1.07371
1.07202
1.07055
1.06968
1.0697
1.07083
1.0732
1.07682
1.08162
1.08745
1.09398
1.10055
1.10624
1.11024
1.11219
1.1122
1.11046
1.10684
1.10065
1.09097
1.07712
1.05928
1.03884
1.0183
1.00054
0.987881
0.981335
0.98079
0.985536
0.994413
1.00579
1.01779
1.02865
1.03709
1.04228
1.04403
1.04328
1.04234
1.04409
1.05006
1.05933
1.0694
1.07805
1.08433
1.0885
1.09134
1.09369
1.09601
1.09831
1.10018
1.10082
1.09919
1.0943
1.08546
1.07258
1.0564
1.0385
1.02134
1.00775
1.00033
1.00052
1.00812
1.02145
1.03788
1.05454
1.06861
1.07776
1.08041
1.07599
1.0652
1.04988
1.03265
1.01638
1.00351
0.995448
0.992382
0.993406
0.996844
1.00074
1.00353
1.00471
1.00507
1.00593
1.00758
1.00862
1.00693
1.00142
0.992709
0.982777
0.974309
0.969546
0.969155
0.972247
0.977436
0.983836
0.991122
0.999073
1.00733
1.01565
1.02408
1.03283
1.04174
1.04997
1.05622
1.05934
1.05878
1.05497
1.04908
1.04263
1.03686
1.03222
1.02822
1.0237
1.01755
1.0094
1.00014
0.991627
0.985871
0.98384
0.984853
0.987021
0.988308
0.987592
0.985206
0.982648
0.981672
0.983214
0.986908
0.99143
0.995337
0.997653
0.997977
0.996335
0.993009
0.988517
0.983687
0.979565
0.977112
0.976939
0.979154
0.983391
0.988927
0.99478
0.999954
1.0038
1.00625
1.00782
1.00928
1.01122
1.01359
1.01584
1.01747
1.01872
1.02072
1.02477
1.03123
1.03914
1.04681
1.05277
1.05632
1.05756
1.05701
1.05527
1.05273
1.04967
1.04646
1.04351
1.04114
1.0393
1.03754
1.0353
1.03233
1.02892
1.02597
1.02449
1.02512
1.02795
1.03252
1.03776
1.04207
1.04378
1.04192
1.03644
1.02801
1.01762
1.00627
0.995013
0.985202
0.978456
0.97633
0.979672
0.988272
1.00098
1.01621
1.03223
1.04726
1.05937
1.06669
1.06782
1.0622
1.05032
1.03344
1.01316
0.991172
0.96942
0.950128
0.935457
0.92699
0.925441
0.930527
0.940888
0.954123
0.967288
0.977883
0.984672
0.987975
0.989299
0.990491
0.993085
0.997945
1.0054
1.01533
1.02719
1.03985
1.0518
1.06138
1.06721
1.06845
1.06486
1.05675
1.04486
1.03019
1.01386
0.997246
0.982027
0.970383
0.964673
0.966639
0.976458
0.992381
1.01129
1.02979
1.04496
1.05473
1.05789
1.05398
1.04324
1.0269
1.0074
0.988408
0.97406
0.967294
0.968271
0.974304
0.981584
0.987102
0.989356
0.988069
0.983564
0.976282
0.966552
0.954728
0.941492
0.928112
0.91641
0.908447
0.905938
0.909698
0.919244
0.932538
0.946371
0.957665
0.965053
0.969692
0.974499
0.982069
0.992913
1.00548
1.01761
1.02781
1.03566
1.04154
1.04614
1.05003
1.0532
1.0549
1.05383
1.04863
1.03845
1.02337
1.00466
0.98468
0.966361
0.952289
0.944058
0.942023
0.945446
0.952784
0.962167
0.971913
0.980894
0.98861
0.994983
1.00003
1.00366
1.00561
1.00561
1.0035
0.999324
0.993218
0.985352
0.97594
0.965393
0.954484
0.944281
0.935909
0.930231
0.927578
0.927644
0.929575
0.932201
0.934218
0.934453
0.932155
0.92724
0.920458
0.913092
0.906385
0.901013
0.897202
0.895237
0.895658
0.89899
0.905348
0.914258
0.924874
0.936305
0.947673
0.958151
0.967027
0.974011
0.979487
0.984477
0.990187
0.997424
1.00629
1.01619
1.02581
1.03334
1.03719
1.03679
1.03291
1.02727
1.02166
1.01713
1.01365
1.01045
1.00653
1.00116
0.99408
0.985675
0.976887
0.968739
0.961759
0.955993
0.951532
0.948956
0.949231
0.953393
0.961852
0.97359
0.986312
0.99766
1.00657
1.01346
1.01921
1.0237
1.02569
1.02401
1.0188
1.01166
1.00487
0.999999
0.997063
0.994635
0.990922
0.984878
0.976657
0.967261
0.957948
0.94977
0.94349
0.939579
0.938197
0.939097
0.941735
0.945453
0.949604
0.953562
0.956769
0.95894
0.960286
0.961489
0.963531
0.967355
0.973438
0.981561
0.990796
0.999878
1.0077
1.01355
1.01722
1.01887
1.01884
1.01749
1.01513
1.01199
1.0082
1.00382
0.998906
0.993589
0.988246
0.983472
0.979981
0.978413
0.979148
0.982233
0.987471
0.99457
1.00323
1.01306
1.02349
1.03377
1.04303
1.05034
1.05474
1.05539
1.05176
1.04394
1.03309
1.02149
1.01198
1.00689
1.00705
1.01187
1.02005
1.03041
1.04215
1.05485
1.06832
1.0823
1.09622
1.10907
1.11963
1.12671
1.12943
1.12738
1.12056
1.10947
1.09518
1.07952
1.06478
1.05313
1.04596
1.04346
1.0446
1.04742
1.0497
1.04975
1.047
1.04196
1.03574
1.02943
1.02375
1.01893
1.01482
1.01105
1.00717
1.00285
0.998092
0.99319
0.988622
0.984746
0.981639
0.979167
0.977253
0.976122
0.976347
0.978756
0.984159
0.993027
1.00513
1.01945
1.03436
1.04816
1.05939
1.06712
1.07088
1.07074
1.06726
1.06145
1.05456
1.04769
1.04162
1.03692
1.03411
1.0337
1.036
1.04089
1.0478
1.05589
1.06433
1.07243
1.07975
1.08586
1.09027
1.09241
1.09178
1.08819
1.08191
1.07357
1.06397
1.05388
1.04378
1.0338
1.02361
1.01275
1.00101
0.988786
0.977066
0.966924
0.958866
0.952558
0.947065
0.941535
0.935903
0.931154
0.928928
0.930882
0.93801
0.95032
0.96675
0.985283
1.0034
1.01869
1.02926
1.03384
1.03191
1.02388
1.01171
0.998814
0.988702
0.982807
0.979764
0.97685
0.972116
0.965512
0.958671
0.953965
0.953269
0.957013
0.964006
0.972229
0.980017
0.986728
0.992629
0.998303
1.004
1.00937
1.01362
1.01591
1.0158
1.01361
1.01058
1.0084
1.00838
1.0106
1.01377
1.0159
1.01519
1.01055
1.00183
0.989825
0.976295
0.963673
0.954403
0.949996
0.950375
0.954154
0.959573
0.965335
0.970841
0.975797
0.979664
0.981582
0.9809
0.977786
0.97324
0.968763
0.965779
0.96519
0.96719
0.971362
0.977034
0.983621
0.990875
0.99882
1.00746
1.01633
1.02441
1.0303
1.03265
1.03059
1.02399
1.01368
1.00148
0.989904
0.981506
0.977826
0.978737
0.982621
0.987378
0.991417
0.994082
0.995581
0.996655
0.998052
1.00018
1.00284
1.00562
1.00853
1.01253
1.01896
1.02798
1.03777
1.04568
1.05017
1.05175
1.05253
1.05488
1.06015
1.0681
1.07723
1.0856
1.09165
1.09456
1.0943
1.09134
1.08623
1.07943
1.07123
1.06193
1.05198
1.04193
1.0323
1.02326
1.01451
1.00539
0.995291
0.984027
0.972156
0.960993
0.952108
0.946728
0.945296
0.947447
0.952313
0.958816
0.96593
0.972841
0.97901
0.984276
0.988788
0.99291
0.997061
1.00157
1.0066
1.01214
1.01804
1.02403
1.02981
1.03515
1.04001
1.04449
1.04869
1.05239
1.05494
1.05533
1.0523
1.04491
1.03314
1.01876
1.0056
0.998191
0.998882
1.00629
1.01686
1.02726
1.03533
1.03977
1.04
1.03638
1.03032
1.02414
1.02037
1.0209
1.0263
1.03585
1.04823
1.0621
1.07637
1.08988
1.10134
1.10942
1.11302
1.11158
1.10526
1.09489
1.08181
1.06754
1.05345
1.04056
1.02953
1.02084
1.01504
1.01263
1.01361
1.01717
1.02176
1.02576
1.02801
1.02805
1.02623
1.0236
1.02163
1.02174
1.02454
1.02946
1.03491
1.03919
1.04149
1.04231
1.04324
1.04598
1.0513
1.05871
1.06687
1.07436
1.07991
1.08251
1.08173
1.07817
1.07299
1.06684
1.05912
1.04858
1.03459
1.01782
0.999918
0.982704
0.967468
0.954801
0.944691
0.936667
0.930087
0.924302
0.918757
0.913135
0.907725
0.903827
0.903318
0.907507
0.916236
0.928137
0.941541
0.954972
0.96744
0.978448
0.987938
0.996156
1.00337
1.00969
1.01512
1.01955
1.0229
1.02501
1.02557
1.02422
1.02071
1.01507
1.00766
0.999163
0.990719
0.983869
0.980242
0.98097
0.986111
0.994617
1.00475
1.01474
1.02306
1.02847
1.02989
1.02646
1.01775
1.00393
0.986126
0.966577
0.948594
0.935869
0.931228
0.935665
0.948344
0.967355
0.990248
1.01428
1.03668
1.05515
1.06816
1.07506
1.07599
1.0717
1.06324
1.05168
1.03786
1.02238
1.00565
0.988072
0.970301
0.953493
0.939464
0.930175
0.926587
0.927857
0.931799
0.936163
0.939635
0.941944
0.943553
0.945241
0.947792
0.951947
0.958305
0.967195
0.978606
0.992147
1.00713
1.02285
1.03876
1.05445
1.06942
1.08289
1.09382
1.10117
1.10429
1.103
1.09765
1.08897
1.07792
1.06549
1.05247
1.03942
1.02672
1.01475
1.00409
0.995679
0.990735
0.990391
0.99521
1.00476
1.01746
1.03088
1.04224
1.04918
1.05036
1.0458
1.03695
1.02603
1.01522
1.00585
0.997982
0.990732
0.983107
0.974928
0.967155
0.961218
0.957859
0.956528
0.955868
0.954782
0.953283
0.952594
0.954556
0.960719
0.971541
0.98605
1.00215
1.01729
1.02943
1.03751
1.04156
1.04232
1.0407
1.03747
1.03308
1.02765
1.02099
1.01293
1.00351
0.993292
0.983245
0.974487
0.967938
0.964233
0.963696
0.96616
0.970755
0.97608
0.980617
0.983204
0.983202
0.980539
0.975909
0.970898
0.967831
0.968683
0.973652
0.980863
0.987839
0.993291
0.99774
1.00269
1.00917
1.01667
1.02341
1.02741
1.02744
1.02333
1.01564
1.0054
0.993921
0.982711
0.973285
0.96678
0.963706
0.963811
0.966242
0.96988
0.973607
0.976519
0.978038
0.977962
0.976429
0.973865
0.97098
0.968807
0.968513
0.971052
0.976693
0.984755
0.993942
1.00292
1.01078
1.01716
1.02218
1.02622
1.02978
1.03328
1.03701
1.04113
1.04571
1.05075
1.05609
1.06135
1.06588
1.06886
1.06944
1.06692
1.06077
1.05071
1.03674
1.01938
0.999891
0.980156
0.962139
0.947363
0.936677
0.930388
0.928469
0.930537
0.93575
0.942899
0.950811
0.958813
0.966717
0.974488
0.981841
0.988357
0.993878
0.998892
1.0046
1.01257
1.02412
1.03965
1.05823
1.07769
1.09519
1.10796
1.11397
1.11248
1.10414
1.09078
1.07465
1.05767
1.04128
1.02661
1.01456
1.00564
0.999704
0.995901
0.99289
0.989206
0.983677
0.975766
0.965858
0.955227
0.945545
0.93789
0.931999
0.926651
0.920821
0.914792
0.910345
0.90986
0.914857
0.925152
0.939195
0.954993
0.970496
0.9836
0.992268
0.995146
0.992147
0.98466
0.97506
0.965858
0.959177
0.956685
0.959528
0.968053
0.981528
0.998107
1.01512
1.02957
1.03892
1.0416
1.03718
1.02624
1.00998
0.989908
0.967578
0.944552
0.92231
0.902258
0.885679
0.873646
0.866907
0.865635
0.869254
0.876491
0.885719
0.895491
0.904944
0.913813
0.922077
0.929704
0.936695
0.943343
0.950372
0.958766
0.969264
0.981652
0.994414
1.00497
1.01046
1.00869
0.998949
0.982536
0.962573
0.942767
0.925681
0.912225
0.902409
0.896336
0.894283
0.896271
0.901757
0.909734
0.919011
0.928468
0.937105
0.944093
0.948797
0.951008
0.951113
0.95016
0.94975
0.951618
0.957074
0.966542
0.979464
0.994608
1.01064
1.02651
1.04164
1.05576
1.06857
1.07959
1.08814
1.09374
1.0964
1.09659
1.0949
1.09152
1.08601
1.07767
1.0662
1.0521
1.03696
1.02306
1.01275
1.00753
1.00756
1.01174
1.01824
1.02526
1.03145
1.03598
1.03845
1.0387
1.03676
1.03288
1.02759
1.02169
1.01629
1.01254
1.01129
1.01275
1.0162
1.02019
1.02304
1.02342
1.02082
1.01585
1.01009
1.00578
1.00508
1.00937
1.01886
1.03256
1.04878
1.06563
1.08141
1.09482
1.10485
1.11074
1.11192
1.1082
1.09994
1.08814
1.07443
1.06079
1.04914
1.04089
1.03662
1.0361
1.03851
1.04273
1.04761
1.05233
1.0565
1.06027
1.0642
1.06903
1.07527
1.08301
1.09173
1.1003
1.10726
1.11109
1.11055
1.105
1.09453
1.08007
1.06317
1.04568
1.02925
1.015
1.00347
0.994843
0.989428
0.987843
0.990975
0.999364
1.01249
1.02869
1.04585
1.06237
1.07735
1.09047
1.1017
1.11089
1.11756
1.12104
1.12093
1.11711
1.10935
1.09728
1.08058
1.05939
1.03439
1.00685
0.978502
0.951599
0.928827
0.912955
0.906173
0.909336
0.921575
0.940335
0.961968
0.982659
0.999294
1.00998
1.01403
1.01171
1.0039
0.991861
0.977127
0.961448
0.946741
0.934852
0.927125
0.924006
0.924809
0.927963
0.931548
0.933984
0.93437
0.932601
0.929276
0.925521
0.922857
0.922864
0.926831
0.935315
0.947956
0.963565
0.980479
0.996961
1.01148
1.02291
1.03064
1.03454
1.03501
1.03288
1.02931
1.02551
1.02236
1.02013
1.01845
1.01657
1.01397
1.011
1.00911
1.01039
1.01655
1.02802
1.04377
1.06166
1.07908
1.09359
1.1033
1.1071
1.10479
1.09721
1.08604
1.07354
1.06199
1.05302
1.04733
1.04481
1.04482
1.04645
1.04854
1.04973
1.04867
1.04438
1.0368
1.02701
1.01702
1.00911
1.00492
1.00502
1.00886
1.01494
1.02119
1.02528
1.02519
1.01971
1.00879
0.993672
0.976847
0.961796
0.952287
0.950989
0.958225
0.971985
0.989105
1.00634
1.0209
1.03063
1.03423
1.03154
1.02354
1.01217
0.99984
0.988929
0.981345
0.978297
0.98017
0.986374
0.995402
1.00539
1.01478
1.02267
1.02869
1.03257
1.03394
1.03267
1.02938
1.02572
1.02372
1.02476
1.0287
1.03387
1.03806
1.03957
1.03779
1.0331
1.02663
1.01998
1.0148
1.01251
1.01404
1.0196
1.02872
1.04021
1.05243
1.06353
1.0717
1.07562
1.07466
1.06891
1.05917
1.04673
1.03308
1.01968
1.0078
0.99826
0.991585
0.98801
0.987476
0.98969
0.994073
0.999814
1.00599
1.01182
1.0168
1.02091
1.02456
1.02836
1.03289
1.0385
1.04526
1.05302
1.06133
1.06933
1.07561
1.07845
1.07621
1.0679
1.054
1.03689
1.02049
1.00872
1.00362
1.00484
1.01059
1.01893
1.02824
1.03731
1.04519
1.05119
1.05493
1.05656
1.05677
1.0565
1.05622
1.05557
1.05341
1.04845
1.03976
1.02713
1.01101
0.9926
0.973962
0.957953
0.947677
0.945357
0.951245
0.963533
0.979245
0.995299
1.00923
1.01949
1.02541
1.02697
1.02467
1.01946
1.01283
1.00677
1.00327
1.00367
1.00814
1.01554
1.02386
1.0307
1.03403
1.03284
1.02764
1.02044
1.01388
1.00989
1.00896
1.01043
1.01342
1.01738
1.02198
1.02676
1.03099
1.03401
1.03541
1.03505
1.03302
1.02938
1.02402
1.01674
1.00733
0.995689
0.981963
0.966419
0.949454
0.931707
0.914129
0.897787
0.883486
0.87164
0.862646
0.857317
0.856754
0.861722
0.871847
0.885404
0.899898
0.913072
0.923651
0.931517
0.937459
0.942733
0.948563
0.955722
0.964298
0.973622
0.982529
0.98993
0.995319
0.998903
1.00133
1.00341
1.00592
1.00955
1.01467
1.02103
1.02768
1.03321
1.03616
1.03534
1.02992
1.01978
1.00578
0.98999
0.975143
0.96363
0.956657
0.954186
0.955681
0.960639
0.968476
0.978135
0.988056
0.99676
1.00354
1.00877
1.01339
1.01823
1.02344
1.02856
1.03284
1.03558
1.0363
1.03479
1.03111
1.02565
1.01923
1.01301
1.00825
1.00592
1.00632
1.00886
1.01226
1.01484
1.0151
1.01216
1.00599
0.997241
0.986926
0.976062
0.965695
0.957117
0.95198
0.95211
0.95877
0.971847
0.989568
1.00921
1.0281
1.04435
1.05712
1.06648
1.07315
1.07808
1.08204
1.08529
1.08746
1.08777
1.08544
1.08012
1.07215
1.06247
1.05234
1.04303
1.03536
1.02952
1.02506
1.02124
1.0174
1.01344
1.01013
1.00897
1.01167
1.01927
1.03138
1.04622
1.06124
1.07408
1.08318
1.08796
1.0886
1.08582
1.08053
1.07349
1.06501
1.05508
1.04379
1.03196
1.02124
1.01366
1.01066
1.01236
1.01773
1.02524
1.03357
1.04188
1.04968
1.05669
1.06261
1.06702
1.06936
1.06904
1.06562
1.05917
1.05058
1.04152
1.03414
1.03028
1.03075
1.03504
1.04169
1.049
1.05553
1.06033
1.0629
1.06299
1.06056
1.05563
1.04831
1.0388
1.02751
1.01522
1.00327
0.99339
0.987271
0.985834
0.988813
0.994807
1.00168
1.00706
1.00889
1.00585
0.997565
0.984636
0.968489
0.951229
0.93538
0.92346
0.917366
0.917903
0.924691
0.936432
0.951431
0.967977
0.984537
0.999821
1.01279
1.02265
1.02888
1.03117
1.02948
1.02402
1.01541
1.00479
0.99374
0.984006
0.976956
0.973082
0.971836
0.971955
0.971997
0.970911
0.968321
0.96463
0.960864
0.95838
0.958413
0.961605
0.96769
0.975504
0.983484
0.990345
0.995599
0.999582
1.00278
1.0051
1.00564
1.00327
0.997259
0.987651
0.975216
0.961279
0.947677
0.936615
0.930232
0.929811
0.935206
0.945139
0.958099
0.972895
0.988522
1.00365
1.01669
1.02641
1.03251
1.03564
1.03707
1.03818
1.0401
1.04357
1.04873
1.05536
1.063
1.07101
1.07853
1.08433
1.08693
1.08508
1.0781
1.06593
1.04905
1.02839
1.00518
0.981084
0.958165
0.938909
0.925911
0.921247
0.925672
0.9381
0.955865
0.975673
0.994696
1.01119
1.02453
1.0349
1.0429
1.0491
1.05386
1.05727
1.05947
1.06087
1.06231
1.06493
1.06962
1.07646
1.08447
1.09192
1.09705
1.09881
1.09713
1.09281
1.08693
1.08044
1.07373
1.06663
1.0588
1.05025
1.04171
1.03423
1.02864
1.02507
1.02283
1.0208
1.01804
1.01432
1.01032
1.00739
1.00714
1.0108
1.01858
1.02936
1.04097
1.05108
1.05802
1.06121
1.06125
1.05933
1.0565
1.05289
1.04755
1.03927
1.02755
1.01341
0.999347
0.988392
0.982645
0.98249
0.986858
0.99398
1.00186
1.00856
1.0123
1.01167
1.00574
0.994243
0.97778
0.958011
0.937677
0.920272
0.909347
0.907499
0.915563
0.932538
0.95617
0.983585
1.01157
1.0368
1.05622
1.06758
1.06988
1.06355
1.05035
1.03293
1.01423
0.996728
0.981857
0.970084
0.961439
0.955947
0.95343
0.952942
0.95278
0.951116
0.946845
0.940192
0.932723
0.926586
0.923392
0.923656
0.926788
0.931586
0.936793
0.941478
0.944973
0.94665
0.945932
0.942667
0.937491
0.931912
0.927804
0.926624
0.928817
0.933726
0.940075
0.946649
0.952665
0.957807
0.962002
0.965157
0.967029
0.967296
0.965722
0.962375
0.957719
0.952602
1.09405
1.08845
1.08586
1.08831
1.09633
1.10838
1.12151
1.1328
1.14038
1.14364
1.14277
1.13841
1.13138
1.12264
1.11312
1.10347
1.09388
1.08428
1.07469
1.06576
1.05879
1.05551
1.05746
1.06535
1.07859
1.09552
1.11389
1.13155
1.14675
1.1582
1.16486
1.16591
1.16096
1.1504
1.13549
1.11809
1.10023
1.08373
1.06982
1.05898
1.05095
1.04484
1.03948
1.03397
1.02806
1.0221
1.01669
1.01223
1.00897
1.00733
1.00805
1.01174
1.01815
1.02592
1.03335
1.03949
1.04464
1.05002
1.05699
1.06632
1.07781
1.09041
1.10265
1.11329
1.12187
1.12866
1.13411
1.1381
1.1397
1.13788
1.13222
1.12334
1.11255
1.10112
1.09003
1.08017
1.07262
1.06823
1.06733
1.06986
1.07569
1.08473
1.09653
1.11002
1.12347
1.13499
1.14303
1.14677
1.14621
1.14211
1.13599
1.12984
1.12548
1.12383
1.12438
1.12546
1.12506
1.12191
1.11605
1.10866
1.10134
1.09511
1.08958
1.08312
1.0736
1.05977
1.04215
1.023
1.00519
0.990918
0.981603
0.978411
0.982382
0.993802
1.01172
1.03421
1.0589
1.08355
1.10627
1.12567
1.14085
1.15136
1.15712
1.1582
1.15474
1.14696
1.13547
1.12178
1.10844
1.09827
1.09289
1.09179
1.09288
1.09354
1.09146
1.08543
1.07571
1.06404
1.05272
1.04318
1.03541
1.02868
1.02255
1.01742
1.0144
1.01477
1.01918
1.02699
1.03621
1.04421
1.04868
1.04843
1.04379
1.0368
1.03078
1.02917
1.03423
1.04647
1.06511
1.08848
1.11368
1.13691
1.1547
1.1651
1.1678
1.16352
1.15346
1.13885
1.12107
1.10194
1.08398
1.07036
1.06411
1.06718
1.07964
1.09957
1.12376
1.14842
1.16999
1.18557
1.19333
1.19275
1.1847
1.17124
1.15489
1.13779
1.12109
1.10508
1.08976
1.07531
1.06223
1.05087
1.04105
1.03246
1.0255
1.02172
1.02269
1.02824
1.03636
1.04469
1.05197
1.05799
1.06308
1.06758
1.07175
1.07578
1.07989
1.08424
1.08889
1.0937
1.09838
1.10249
1.10552
1.10709
1.10706
1.10563
1.10316
1.09997
1.09621
1.09186
1.08669
1.08039
1.07268
1.06358
1.05349
1.04306
1.03302
1.02393
1.01615
1.01001
1.00608
1.00547
1.00967
1.01962
1.03472
1.05265
1.07022
1.08472
1.09476
1.10041
1.10271
1.10275
1.10122
1.09836
1.09432
1.08938
1.08386
1.07793
1.07157
1.06471
1.05749
1.05048
1.04463
1.04104
1.04082
1.04485
1.0537
1.06732
1.08485
1.10468
1.12467
1.14268
1.1569
1.16602
1.16917
1.16594
1.15631
1.1407
1.12008
1.09586
1.0698
1.04392
1.02031
1.00085
0.986766
0.978337
0.975022
0.975733
0.979229
0.984285
0.989842
0.995114
0.999655
1.0033
1.00597
1.00762
1.00826
1.00815
1.00782
1.00788
1.00872
1.01031
1.01228
1.01416
1.01574
1.01718
1.0189
1.02134
1.02481
1.02937
1.03476
1.04046
1.04592
1.05066
1.05458
1.05792
1.06122
1.06499
1.06943
1.07444
1.07992
1.08601
1.09299
1.10089
1.10935
1.11772
1.12536
1.13177
1.13656
1.13931
1.13928
1.1355
1.12737
1.11539
1.10147
1.0882
1.0776
1.07002
1.06427
1.0586
1.05195
1.04452
1.03759
1.0329
1.03185
1.03505
1.04207
1.05159
1.06176
1.07069
1.07697
1.07985
1.07923
1.07548
1.06935
1.06207
1.05533
1.05097
1.05009
1.05238
1.05636
1.06032
1.06311
1.06432
1.06416
1.06345
1.0635
1.06554
1.07014
1.077
1.08512
1.09304
1.09905
1.1017
1.10039
1.09578
1.08959
1.08353
1.07818
1.07317
1.06823
1.06402
1.06177
1.06238
1.0658
1.07102
1.07641
1.08043
1.08247
1.08325
1.08445
1.08807
1.09577
1.10824
1.12459
1.14234
1.15847
1.17057
1.17749
1.17926
1.17678
1.17151
1.16502
1.15871
1.15349
1.14968
1.14703
1.14487
1.14248
1.1393
1.13506
1.12984
1.1243
1.11979
1.1178
1.11859
1.12044
1.12048
1.1165
1.10812
1.09681
1.08511
1.07576
1.07079
1.07112
1.07639
1.08526
1.09584
1.106
1.11381
1.11784
1.1176
1.11385
1.10867
1.1048
1.10442
1.10804
1.11438
1.12139
1.12736
1.13152
1.13397
1.13539
1.13662
1.13832
1.1409
1.14467
1.15002
1.15704
1.16492
1.17181
1.17586
1.1764
1.17416
1.17067
1.16743
1.16543
1.16517
1.16663
1.16922
1.17181
1.17314
1.17213
1.16806
1.16051
1.14941
1.13512
1.11837
1.10032
1.08261
1.06769
1.05885
1.05947
1.07157
1.09434
1.12401
1.15522
1.18286
1.20341
1.21528
1.21846
1.214
1.20351
1.18881
1.17168
1.1538
1.13663
1.12123
1.10824
1.09768
1.08904
1.08149
1.07422
1.06687
1.05974
1.05374
1.05005
1.04967
1.05309
1.06024
1.07065
1.08371
1.09901
1.11624
1.13503
1.15465
1.17402
1.19193
1.20731
1.2193
1.22716
1.23022
1.22791
1.21995
1.2065
1.18831
1.16687
1.14417
1.12251
1.10392
1.08989
1.08118
1.07812
1.08082
1.08893
1.10088
1.11335
1.12198
1.12312
1.11606
1.10442
1.09473
1.09166
1.09497
1.10125
1.10688
1.10926
1.10741
1.10216
1.09589
1.09163
1.09185
1.09742
1.10728
1.11917
1.13082
1.14097
1.14971
1.1581
1.16709
1.17646
1.18452
1.18858
1.18612
1.17614
1.16003
1.14143
1.12487
1.11367
1.10836
1.10665
1.10508
1.10108
1.09402
1.08521
1.07712
1.07214
1.07144
1.07433
1.07878
1.08251
1.08401
1.08309
1.08078
1.0786
1.07792
1.07955
1.08358
1.08964
1.09707
1.10513
1.11292
1.11927
1.12276
1.12204
1.11643
1.10629
1.09304
1.07865
1.0653
1.05521
1.05057
1.05284
1.06184
1.0754
1.09024
1.10316
1.1121
1.11672
1.11846
1.11993
1.12367
1.13049
1.13904
1.14685
1.15198
1.15365
1.15162
1.1455
1.13482
1.11972
1.10146
1.08237
1.0651
1.05166
1.04288
1.03871
1.03882
1.04286
1.05014
1.05918
1.06776
1.07352
1.07484
1.07153
1.06502
1.05778
1.05226
1.04972
1.04979
1.05104
1.05183
1.05119
1.04904
1.04594
1.04273
1.04008
1.03836
1.03782
1.03876
1.04175
1.04747
1.05636
1.06834
1.08267
1.09811
1.11306
1.1259
1.1353
1.14047
1.14135
1.13856
1.13324
1.12679
1.12061
1.11583
1.11317
1.11263
1.11349
1.11428
1.11323
1.10863
1.09949
1.0859
1.06909
1.05101
1.0337
1.01891
1.00825
1.00378
1.00806
1.02326
1.04949
1.08384
1.12118
1.15609
1.18429
1.20314
1.21139
1.2088
1.19576
1.17323
1.14286
1.10774
1.07308
1.04538
1.0291
1.02387
1.02586
1.03145
1.03897
1.0481
1.05838
1.06838
1.07609
1.08
1.07987
1.07702
1.07389
1.07331
1.07765
1.0879
1.1034
1.12212
1.14143
1.15889
1.17283
1.18241
1.18735
1.18752
1.18289
1.17373
1.16078
1.14511
1.12793
1.11074
1.09555
1.08464
1.07986
1.08187
1.08997
1.10228
1.11637
1.12992
1.14135
1.15
1.156
1.1597
1.16127
1.16077
1.15823
1.1535
1.14641
1.13719
1.1269
1.11748
1.11105
1.10904
1.11182
1.11877
1.12843
1.13871
1.14757
1.15387
1.15762
1.15962
1.16077
1.16163
1.1623
1.1625
1.16185
1.16009
1.15747
1.15488
1.15359
1.15465
1.15845
1.16453
1.1718
1.17877
1.18407
1.18664
1.18583
1.18125
1.17264
1.16004
1.1438
1.12458
1.10354
1.08289
1.06635
1.05829
1.06159
1.0763
1.10031
1.13025
1.16181
1.19035
1.212
1.22436
1.22662
1.21952
1.20508
1.18608
1.16542
1.14544
1.12748
1.11185
1.09836
1.08685
1.07733
1.0699
1.06464
1.06174
1.06152
1.06429
1.07022
1.07917
1.09054
1.10332
1.11625
1.12806
1.1377
1.14457
1.14858
1.14978
1.14794
1.14247
1.13331
1.1215
1.10892
1.09716
1.08682
1.0779
1.07092
1.06741
1.06949
1.07878
1.09549
1.11835
1.145
1.17259
1.19825
1.21963
1.23538
1.24535
1.25029
1.25124
1.24883
1.24309
1.23348
1.21936
1.20026
1.17615
1.14766
1.1163
1.08493
1.05802
1.04041
1.03491
1.04051
1.05318
1.06815
1.08144
1.0906
1.09476
1.09422
1.08991
1.0829
1.07423
1.06503
1.05661
1.0504
1.0475
1.04812
1.05126
1.05493
1.05683
1.0552
1.0495
1.04058
1.03054
1.02207
1.01759
1.01842
1.0244
1.03398
1.04504
1.05588
1.06592
1.07535
1.08449
1.09332
1.10154
1.10878
1.11468
1.11889
1.12114
1.12133
1.11957
1.11601
1.11088
1.10433
1.09664
1.08868
1.0822
1.07921
1.0809
1.08675
1.09501
1.10364
1.11088
1.11537
1.11602
1.11203
1.10301
1.08923
1.07178
1.05271
1.0349
1.02158
1.01528
1.01694
1.02555
1.03885
1.05445
1.07048
1.08572
1.09944
1.11154
1.12266
1.134
1.14655
1.1603
1.17399
1.18554
1.19292
1.19498
1.19193
1.18535
1.17756
1.17066
1.16565
1.16228
1.15968
1.15721
1.15464
1.15189
1.14857
1.14391
1.13708
1.12771
1.11621
1.10331
1.08923
1.07348
1.05576
1.03681
1.01848
1.00301
0.992358
0.987749
0.98952
0.997038
1.00886
1.02307
1.03772
1.05126
1.06295
1.07321
1.08347
1.0956
1.11087
1.12907
1.14845
1.16647
1.18072
1.18958
1.19253
1.18997
1.18302
1.17316
1.16194
1.15066
1.14021
1.13116
1.124
1.11918
1.11677
1.11579
1.11408
1.10882
1.09781
1.08081
1.06054
1.04239
1.03241
1.03394
1.04571
1.0628
1.07943
1.09114
1.09545
1.09164
1.0806
1.06457
1.04679
1.03092
1.01997
1.01546
1.01711
1.02354
1.03311
1.04452
1.05678
1.06889
1.07966
1.08806
1.09363
1.09674
1.09849
1.10041
1.10414
1.11107
1.12192
1.13649
1.15355
1.17121
1.18734
1.20013
1.20832
1.21153
1.21003
1.2045
1.19559
1.18366
1.16869
1.1506
1.12976
1.10741
1.08598
1.06881
1.05949
1.06024
1.07039
1.08601
1.10188
1.11388
1.12037
1.12197
1.12054
1.11818
1.11654
1.11669
1.11906
1.1235
1.1293
1.1354
1.14082
1.1451
1.14835
1.15082
1.15256
1.15339
1.15341
1.1534
1.15475
1.15885
1.16621
1.17624
1.1874
1.19767
1.20481
1.20664
1.20133
1.18769
1.16533
1.13492
1.09873
1.06112
1.02826
1.00668
1.00098
1.01215
1.03745
1.0718
1.10961
1.14602
1.17744
1.20137
1.21602
1.22008
1.21298
1.1957
1.17163
1.14627
1.12477
1.10968
1.10132
1.09948
1.10411
1.11467
1.12969
1.14704
1.16446
1.18006
1.19239
1.20038
1.2031
1.19987
1.19031
1.17474
1.15446
1.13217
1.11167
1.09666
1.08906
1.08829
1.09219
1.09848
1.10527
1.11082
1.11331
1.11104
1.10305
1.08948
1.07157
1.05142
1.03164
1.01497
1.00362
0.998601
0.999263
1.00365
1.00931
1.01422
1.01734
1.01877
1.01948
1.02069
1.02323
1.02716
1.0321
1.03774
1.04421
1.05179
1.0606
1.07024
1.07999
1.08898
1.09661
1.10254
1.10664
1.10869
1.10826
1.10469
1.09742
1.08623
1.0716
1.05482
1.03819
1.02479
1.01769
1.01856
1.02647
1.0378
1.04772
1.05222
1.04971
1.04123
1.0296
1.01815
1.00953
1.00503
1.00465
1.00778
1.01395
1.02303
1.035
1.04948
1.06539
1.08098
1.09432
1.1038
1.10861
1.10887
1.10549
1.09983
1.0934
1.0876
1.08353
1.08193
1.08312
1.0871
1.09349
1.10126
1.1083
1.11155
1.1082
1.0972
1.08005
1.0603
1.0421
1.02872
1.02167
1.0208
1.02479
1.03182
1.03999
1.0477
1.05402
1.05884
1.06286
1.06718
1.07271
1.07983
1.08866
1.0995
1.11275
1.12834
1.1454
1.16249
1.17819
1.19143
1.20148
1.20785
1.21012
1.2079
1.20088
1.18921
1.1739
1.15726
1.14244
1.1321
1.12683
1.12513
1.12485
1.12455
1.12371
1.12262
1.12201
1.12206
1.12142
1.11785
1.10989
1.09801
1.08451
1.07274
1.06575
1.06499
1.06957
1.07683
1.08368
1.08785
1.08835
1.08526
1.0793
1.07136
1.06242
1.05345
1.04555
1.03982
1.03727
1.03846
1.04313
1.05023
1.05828
1.06588
1.07206
1.07624
1.07818
1.07771
1.07483
1.0699
1.06373
1.05731
1.05127
1.04547
1.03917
1.03151
1.02216
1.01174
1.00199
0.995547
0.994912
1.00095
1.0119
1.02397
1.03326
1.03741
1.0362
1.03129
1.02558
1.02191
1.02171
1.02445
1.02865
1.0335
1.03961
1.04841
1.06081
1.07633
1.09342
1.11058
1.12701
1.14251
1.157
1.17016
1.18113
1.18849
1.1906
1.18612
1.17467
1.15755
1.13807
1.12101
1.11102
1.11055
1.11879
1.1325
1.14772
1.1612
1.17091
1.17597
1.17643
1.17312
1.16742
1.16082
1.15464
1.14975
1.14673
1.14591
1.14741
1.15096
1.15575
1.16058
1.16412
1.16525
1.16335
1.15831
1.15054
1.14093
1.13063
1.12101
1.11345
1.10894
1.10784
1.10976
1.11372
1.11852
1.12295
1.12588
1.12636
1.12362
1.11728
1.10762
1.09581
1.08413
1.07595
1.07489
1.08322
1.10013
1.12187
1.14374
1.16225
1.17595
1.18492
1.18955
1.18971
1.18472
1.17417
1.15891
1.14123
1.12407
1.10952
1.0981
1.08968
1.0847
1.08423
1.08889
1.09793
1.10951
1.12148
1.13227
1.14134
1.14934
1.15744
1.16617
1.17456
1.1805
1.18174
1.17683
1.16563
1.14944
1.13077
1.11242
1.09633
1.08293
1.07174
1.06242
1.05536
1.05155
1.05199
1.05704
1.06606
1.07764
1.08996
1.1013
1.11019
1.11539
1.11598
1.11167
1.1032
1.0925
1.08207
1.07399
1.06905
1.06637
1.06398
1.05963
1.05177
1.04004
1.02541
1.00992
0.996459
0.988093
0.986812
0.992392
1.00259
1.01451
1.02579
1.03512
1.04212
1.0471
1.05047
1.05233
1.05216
1.0494
1.04442
1.03935
1.03759
1.04181
1.0523
1.06737
1.08487
1.10279
1.11922
1.13228
1.14043
1.14282
1.13937
1.1306
1.11743
1.1009
1.0821
1.0621
1.0421
1.0233
1.00703
0.995072
0.989831
0.993336
1.00562
1.02413
1.04496
1.06456
1.08057
1.09189
1.09847
1.1011
1.10118
1.10048
1.10086
1.10394
1.11074
1.12146
1.13541
1.15126
1.16735
1.18201
1.19379
1.20162
1.20517
1.20502
1.20281
1.20086
1.20111
1.20403
1.20844
1.21252
1.21499
1.21557
1.21461
1.21231
1.20839
1.20238
1.19408
1.18376
1.17188
1.15862
1.14363
1.12606
1.10525
1.08178
1.05882
1.04198
1.03667
1.0443
1.06163
1.084
1.10823
1.13282
1.15657
1.17781
1.19444
1.20461
1.20724
1.20237
1.19123
1.176
1.15931
1.14361
1.13049
1.12013
1.11133
1.10214
1.09073
1.07627
1.05957
1.04359
1.03272
1.03021
1.03514
1.04291
1.04906
1.05211
1.05346
1.0555
1.05988
1.0667
1.07488
1.08282
1.08921
1.09318
1.09426
1.09229
1.08728
1.07964
1.07046
1.0615
1.05477
1.05163
1.05206
1.05465
1.05744
1.05895
1.05884
1.05786
1.05727
1.05816
1.06104
1.06597
1.07317
1.08348
1.09815
1.11742
1.13941
1.16073
1.17815
1.18985
1.19556
1.19599
1.19233
1.18575
1.17724
1.16741
1.15655
1.14458
1.13131
1.11665
1.10093
1.08479
1.06903
1.05432
1.04128
1.03073
1.02392
1.02228
1.02684
1.03755
1.05317
1.07168
1.09092
1.10909
1.12492
1.13761
1.14678
1.15252
1.15534
1.15602
1.15552
1.15485
1.15487
1.15621
1.15886
1.16188
1.16361
1.16232
1.15692
1.14742
1.13505
1.12204
1.11091
1.10331
1.0992
1.09704
1.09482
1.09074
1.08372
1.07358
1.06133
1.04902
1.03909
1.0334
1.03264
1.03659
1.04447
1.05521
1.06736
1.07885
1.08735
1.09081
1.08818
1.07965
1.06651
1.05065
1.03412
1.0189
1.00686
0.99963
0.998406
1.0036
1.01482
1.03102
1.05067
1.07171
1.09159
1.1079
1.11914
1.12518
1.12713
1.1267
1.12551
1.12434
1.12285
1.12015
1.11608
1.11193
1.10995
1.11199
1.11849
1.12832
1.1394
1.14924
1.15561
1.15697
1.15264
1.14264
1.12761
1.10895
1.08896
1.07046
1.05579
1.04606
1.04122
1.04114
1.04615
1.05677
1.0727
1.09249
1.11397
1.13501
1.1538
1.16893
1.17943
1.18485
1.18544
1.18215
1.17621
1.16843
1.15885
1.14701
1.13261
1.11596
1.09785
1.07926
1.06138
1.04568
1.03391
1.02773
1.0282
1.03529
1.04763
1.06278
1.07804
1.09131
1.10161
1.10899
1.11413
1.11785
1.12082
1.12345
1.12583
1.12768
1.1285
1.12796
1.12636
1.12489
1.12497
1.12731
1.13125
1.13508
1.1372
1.13712
1.13574
1.13436
1.13352
1.13286
1.13175
1.13017
1.12873
1.12831
1.1295
1.13221
1.13565
1.13858
1.13977
1.13824
1.13348
1.12538
1.11417
1.1002
1.08409
1.06687
1.05004
1.03538
1.02446
1.01813
1.01625
1.01779
1.02127
1.02485
1.02665
1.02514
1.01989
1.012
1.00405
0.999329
1.00087
1.01071
1.02944
1.05621
1.08863
1.12293
1.15442
1.17869
1.193
1.19681
1.19109
1.17733
1.1571
1.13243
1.10619
1.08193
1.063
1.05155
1.04787
1.05042
1.05652
1.06352
1.06973
1.07467
1.07874
1.08243
1.08563
1.08734
1.08609
1.08078
1.07151
1.05999
1.04928
1.0427
1.04219
1.04728
1.05542
1.0632
1.0678
1.06783
1.06361
1.05676
1.04956
1.04381
1.04015
1.03791
1.03584
1.03303
1.0293
1.02504
1.02076
1.01697
1.01421
1.01315
1.01461
1.01965
1.02931
1.04406
1.0631
1.0842
1.10443
1.12119
1.13295
1.13941
1.14131
1.14001
1.13707
1.13402
1.13207
1.13191
1.13373
1.13733
1.14218
1.14756
1.15267
1.15677
1.15946
1.16078
1.1609
1.15964
1.15617
1.14934
1.13829
1.12309
1.10487
1.08561
1.06749
1.05205
1.03972
1.03019
1.02375
1.02208
1.027
1.03805
1.05213
1.06536
1.07447
1.07718
1.0732
1.06648
1.06591
1.07855
1.10135
1.12484
1.14261
1.15402
1.16136
1.16702
1.17201
1.17602
1.17807
1.17744
1.17425
1.16941
1.16412
1.15944
1.15605
1.15439
1.15455
1.15623
1.15863
1.16053
1.16074
1.15847
1.15352
1.14616
1.13693
1.12651
1.11588
1.10638
1.09952
1.09619
1.09595
1.09722
1.09861
1.10026
1.10369
1.11
1.1186
1.12777
1.13577
1.14132
1.14386
1.14399
1.14342
1.14409
1.14693
1.15154
1.15635
1.15947
1.15968
1.15727
1.15419
1.15332
1.15695
1.16535
1.1768
1.1887
1.19895
1.20618
1.20931
1.20709
1.19828
1.18241
1.16042
1.13481
1.10908
1.08689
1.07104
1.06263
1.06078
1.0632
1.06721
1.07082
1.07316
1.07436
1.07507
1.07601
1.07771
1.08045
1.08442
1.08975
1.09644
1.10419
1.11228
1.11966
1.12526
1.12825
1.12823
1.12533
1.12017
1.11375
1.10706
1.1006
1.09421
1.08727
1.0794
1.07094
1.06319
1.05823
1.05828
1.06475
1.0775
1.09476
1.11378
1.13193
1.1474
1.15944
1.16795
1.17293
1.17426
1.17181
1.16596
1.15803
1.15028
1.14536
1.14542
1.15132
1.16232
1.17639
1.19075
1.2025
1.20903
1.20843
1.19964
1.1825
1.15769
1.12672
1.09198
1.05655
1.02408
0.998435
0.983133
0.980232
0.989393
1.00786
1.03155
1.05642
1.07939
1.0986
1.11326
1.12331
1.12909
1.13107
1.12965
1.12507
1.1173
1.10619
1.0922
1.07709
1.06394
1.05585
1.05391
1.05637
1.05972
1.06059
1.05718
1.04948
1.039
1.028
1.01889
1.01383
1.01456
1.02192
1.03543
1.05346
1.07399
1.09521
1.11557
1.1336
1.14798
1.1577
1.16224
1.16158
1.1561
1.1468
1.13554
1.12497
1.11767
1.11483
1.11565
1.11783
1.11893
1.11754
1.11372
1.10868
1.10395
1.10051
1.09828
1.09633
1.09347
1.0887
1.08156
1.07211
1.0609
1.04889
1.03724
1.02698
1.01877
1.0128
1.00883
1.00638
1.00473
1.00305
1.0007
0.997494
0.993906
0.990666
0.988186
0.986195
0.983903
0.980627
0.976384
0.972186
0.969984
0.972187
0.980806
0.996336
1.01715
1.04024
1.06258
1.08212
1.0978
1.10911
1.11597
1.11889
1.11916
1.11883
1.12012
1.12461
1.13239
1.14188
1.15071
1.15713
1.16081
1.16252
1.16311
1.16261
1.1604
1.15595
1.14951
1.14218
1.13542
1.12999
1.12521
1.11939
1.11082
1.09863
1.08297
1.06512
1.04739
1.03249
1.02281
1.01961
1.02282
1.03126
1.04331
1.05733
1.07178
1.08532
1.09688
1.10588
1.11217
1.11611
1.11862
1.12122
1.12546
1.13204
1.1404
1.14917
1.15697
1.16286
1.16631
1.16722
1.16613
1.16415
1.16238
1.16125
1.16031
1.15857
1.15526
1.15023
1.14397
1.13724
1.13057
1.124
1.11698
1.10853
1.09774
1.08429
1.06894
1.05363
1.04092
1.03305
1.03101
1.03432
1.04148
1.0505
1.05954
1.0673
1.07325
1.07752
1.08032
1.08165
1.08124
1.07894
1.07512
1.07045
1.06566
1.06135
1.05819
1.05709
1.05918
1.06541
1.07591
1.08972
1.10503
1.11984
1.13258
1.14247
1.14943
1.15387
1.15623
1.15671
1.15543
1.15277
1.14962
1.14711
1.14607
1.14658
1.14793
1.14885
1.14818
1.14529
1.14032
1.13421
1.12828
1.12387
1.12201
1.123
1.12631
1.13048
1.13358
1.13361
1.12911
1.1196
1.1057
1.08903
1.07173
1.05588
1.04305
1.03422
1.02998
1.03057
1.03579
1.04492
1.05692
1.07068
1.08536
1.10039
1.11537
1.12999
1.14399
1.1572
1.16951
1.18048
1.18921
1.19437
1.19481
1.19004
1.18066
1.16837
1.15542
1.14403
1.13565
1.13053
1.12781
1.12577
1.12252
1.11658
1.10742
1.09585
1.0841
1.0755
1.07313
1.07827
1.08966
1.10424
1.11877
1.13097
1.13989
1.14559
1.14877
1.15027
1.15077
1.15044
1.14873
1.14448
1.13643
1.12376
1.10664
1.08624
1.06456
1.04397
1.027
1.01644
1.01563
1.02734
1.05129
1.08297
1.11588
1.14472
1.16661
1.18072
1.18749
1.18818
1.1845
1.17823
1.17093
1.16354
1.15631
1.14895
1.14083
1.13125
1.11977
1.1065
1.09217
1.07812
1.06581
1.05641
1.05041
1.04773
1.04781
1.04965
1.05179
1.0526
1.0507
1.04572
1.03908
1.0342
1.03541
1.04541
1.06332
1.08539
1.10737
1.12635
1.1411
1.15163
1.15873
1.16345
1.16669
1.16885
1.16966
1.1683
1.16374
1.15516
1.14225
1.12551
1.10628
1.08671
1.0696
1.05791
1.05391
1.05822
1.06926
1.08345
1.09633
1.10399
1.1042
1.09678
1.08337
1.06661
1.04944
1.0346
1.02427
1.01994
1.02209
1.03
1.04205
1.05654
1.07233
1.08889
1.10579
1.12228
1.13728
1.14967
1.1588
1.16454
1.16708
1.16653
1.1628
1.15563
1.1449
1.13092
1.11462
1.09754
1.08159
1.06876
1.06083
1.05907
1.06367
1.07351
1.08645
1.10015
1.1126
1.12222
1.12782
1.12868
1.1247
1.11657
1.10576
1.09431
1.08423
1.07701
1.07322
1.0726
1.07449
1.07807
1.08241
1.08653
1.08964
1.09141
1.0919
1.09144
1.09047
1.08963
1.08985
1.09206
1.09659
1.10263
1.1082
1.11067
1.10752
1.09723
1.08019
1.05963
1.042
1.03484
1.04147
1.05805
1.07761
1.09577
1.11231
1.12933
1.14873
1.17055
1.19291
1.21312
1.22892
1.23924
1.24419
1.24456
1.24116
1.23451
1.22485
1.21251
1.19827
1.18332
1.16898
1.15611
1.14478
1.13435
1.12399
1.11336
1.10302
1.09436
1.08905
1.08812
1.0912
1.09652
1.10168
1.10484
1.10569
1.10553
1.10634
1.10956
1.11536
1.12289
1.13104
1.13937
1.1485
1.15972
1.17396
1.19091
1.20898
1.22584
1.23912
1.24687
1.24779
1.24148
1.22851
1.21064
1.19047
1.17097
1.15493
1.14461
1.14119
1.14409
1.15078
1.15801
1.16347
1.16663
1.16829
1.16961
1.17132
1.17341
1.17523
1.17577
1.17416
1.17014
1.16437
1.15785
1.15117
1.14394
1.13521
1.1241
1.11039
1.09476
1.07887
1.0651
1.05601
1.05358
1.05854
1.0702
1.08652
1.10452
1.12105
1.13385
1.14215
1.1467
1.14899
1.15058
1.15249
1.15478
1.15666
1.157
1.15498
1.15032
1.14316
1.13403
1.12381
1.11367
1.10493
1.09894
1.09679
1.09891
1.10489
1.11337
1.12231
1.12933
1.13244
1.13055
1.12395
1.11415
1.10321
1.09335
1.08681
1.08563
1.09117
1.10362
1.12151
1.14212
1.16232
1.17947
1.19184
1.19848
1.19911
1.19371
1.18245
1.16564
1.144
1.119
