0.212539   -0.164251   -0.491028
0.0291993   -0.492821   -0.228857
-0.394257   0.378833   0.197953
0.173972   0.299412   0.397538
-0.352204   0.0158149   0.484807
0.358052   -0.123115   0.360005
0.278774   0.155246   -0.108267
0.388584   -0.172033   -0.0687403
-0.422771   -0.13666   -0.357767
-0.170876   -0.290948   -0.493441
-0.176881   0.043   -0.146539
-0.18582   -0.0822675   0.273606
0.195213   0.222449   -0.350768
-0.370708   0.264327   -0.365139
-0.0511592   -0.0645293   -0.114838
-0.486111   0.469716   0.0267775
-0.449824   0.360665   -0.403837
0.498349   -0.2797   0.128484
-0.344051   -0.487209   0.330847
0.355829   0.477152   -0.497208
-0.101008   -0.202709   -0.425667
-0.228578   0.104282   -0.276575
-0.286345   -0.0895201   0.2643
0.38644   0.303064   -0.0231998
0.479854   -0.238706   -0.20435
0.0978948   0.0930144   0.202273
0.42454   0.449202   -0.243572
0.230648   0.389433   -0.316207
-0.453143   0.0398686   0.44165
0.0025076   0.364357   -0.130443
-0.390186   0.0355155   0.269119
0.085874   0.0605471   -0.22681
0.00910504   0.458022   -0.0484701
-0.353612   -0.118024   -0.493613
-0.290534   -0.394828   0.425139
0.1833   -0.414791   0.106411
-0.244793   -0.404671   -0.320767
0.441262   -0.149183   -0.131443
0.00316305   -0.0135848   -0.173494
-0.489519   0.0471421   -0.134163
0.310144   0.138249   -0.473401
0.0425515   -0.306409   -0.471019
0.320587   0.210813   -0.36096
-0.242715   -0.443119   0.311835
0.386322   0.422043   -0.0187336
-0.185669   0.388227   -0.478163
0.326458   -0.346721   0.302837
-0.197082   -0.465833   -0.26376
0.368841   -0.108049   -0.201614
0.321061   -0.118496   -0.114467
0.465419   0.0302638   -0.445124
-0.397033   0.0255431   -0.390094
-0.231156   0.250634   -0.297847
0.459899   -0.0786693   0.412904
0.414617   0.0171617   -0.335347
-0.497604   -0.164332   -0.488143
-0.180288   0.280852   -0.352711
0.326954   0.359947   0.440463
0.36322   -0.111909   -0.465142
-0.455246   0.204795   -0.344209
-0.0438178   -0.487631   0.0190019
0.446889   0.491269   -0.47521
0.288282   -0.406668   0.340593
0.0484946   0.00445245   0.0898257
0.205059   0.315924   0.0157096
-0.394819   0.458937   0.295561
0.113628   0.44913   -0.167697
-0.340554   0.214447   0.00538227
-0.301155   -0.130605   -0.402944
0.276927   -0.310962   0.246614
0.416278   0.24976   -0.164689
-0.0494798   -0.311836   -0.361607
0.15423   -0.377558   0.361788
0.246299   0.02386   -0.0983483
-0.191388   -0.347475   0.43416
0.143553   0.262763   -0.486358
0.0248206   -0.213104   -0.468873
0.188306   0.171179   0.432918
-0.00544307   0.35275   0.12259
0.344484   -0.2339   0.214676
0.276708   0.0628142   -0.471755
-0.457114   0.0247645   -0.00267177
-0.175838   -0.45095   -0.429967
-0.312157   -0.168253   0.28797
0.0450712   -0.0536384   0.170321
-0.325946   -0.193394   0.389706
-0.491969   -0.440488   0.47273
0.497799   0.166872   -0.397443
0.350054   0.490111   -0.274626
-0.214678   0.0290951   -0.268228
0.0291827   -0.00742568   0.436737
-0.323268   0.371678   0.144063
0.322817   -0.250069   -0.261149
-0.489473   -0.106992   -0.393755
0.0477003   -0.281967   -0.111099
-0.15687   -0.406581   -0.318851
0.426096   0.493946   0.147598
0.0792247   0.426233   -0.371269
0.489837   0.153056   -0.19843
0.157501   -0.263287   -0.460883
0.422883   -0.000512765   0.457014
0.0241097   0.466893   0.248329
-0.0358809   -0.307237   -0.454623
-0.270916   -0.452684   0.477756
0.311887   -0.327981   -0.186377
-0.458142   -0.160778   0.0613332
-0.175602   0.229389   0.394062
-0.182702   -0.370607   -0.452815
