          50   0.0128248           0           0
          50   0.0384745           0           0
          50   0.0641241           0           0
          50   0.0897737           0           0
          50    0.115423           0           0
          50    0.141073           0           0
          50    0.166723           0           0
          50    0.192372           0           0
          50    0.218022           0           0
          50    0.243672           0           0
          50    0.269321           0           0
          50    0.294971           0           0
          50     0.32062           0           0
          50     0.34627           0           0
          50     0.37192           0           0
          50    0.397569           0           0
          50    0.423219           0           0
          50    0.448869           0           0
          50    0.474518           0           0
          50    0.500168           0           0
          50    0.525818           0           0
          50    0.551467           0           0
          50    0.577117           0           0
          50    0.602767           0           0
          50    0.628416           0           0
          50    0.654066           0           0
          50    0.679715           0           0
          50    0.705365           0           0
          50    0.731015           0           0
          50    0.756664           0           0
          50    0.782314           0           0
          50    0.807964           0           0
          50    0.833613           0           0
          50    0.859263 1.75071e-05 9.08577e-06
          50    0.884913  0.00135357 7.33904e-05
          50    0.910562   0.0246133 0.000298833
          50    0.936212    0.163276  0.00111244
          50    0.961861    0.563677  0.00242597
          50    0.987511     1.20204  0.00326229
          50     1.01316     1.86259  0.00366304
          50     1.03881     2.34125  0.00341002
          50     1.06446     2.56242  0.00304578
          50     1.09011     2.54609  0.00275003
          50     1.11576     2.40464  0.00271473
          50     1.14141      2.1958  0.00267856
          50     1.16706     1.97143  0.00315491
          50     1.19271     1.75446  0.00263729
          50     1.21836     1.55578   0.0023424
          50     1.24401     1.38613  0.00245802
          50     1.26966      1.2423  0.00254619
          50     1.29531     1.11991  0.00235116
          50     1.32096     1.02156  0.00189214
          50     1.34661    0.939381  0.00195645
          50     1.37226    0.873228  0.00171685
          50     1.39791    0.820073   0.0014799
          50     1.42355    0.774023  0.00116848
          50      1.4492    0.742189  0.00155411
          50     1.47485    0.713616   0.0015887
          50      1.5005    0.692834  0.00144974
          50     1.52615    0.680898  0.00149498
          50      1.5518    0.673949   0.0014996
          50     1.57745    0.672448  0.00144457
          50      1.6031    0.676534  0.00173078
          50     1.62875    0.685842  0.00152884
          50      1.6544    0.702793  0.00165268
          50     1.68005    0.723062  0.00145916
          50      1.7057    0.749189  0.00148807
          50     1.73135    0.780712  0.00140002
          50       1.757    0.812839  0.00146219
          50     1.78265    0.852614  0.00144193
          50      1.8083    0.893117  0.00144723
          50     1.83395    0.934415  0.00153425
          50      1.8596     0.97588  0.00149789
          50     1.88525     1.01658  0.00137098
          50      1.9109      1.0574  0.00138391
          50     1.93655     1.09528  0.00146565
          50      1.9622     1.13013  0.00147456
          50     1.98785     1.15969  0.00163432
          50      2.0135     1.18703  0.00143375
          50     2.03915     1.20498  0.00137447
          50      2.0648     1.21456  0.00153313
          50     2.09045     1.21615  0.00128639
          50      2.1161      1.2093  0.00168602
          50     2.14174     1.19523  0.00152401
          50     2.16739     1.17491  0.00128357
          50     2.19304     1.15083  0.00140773
          50     2.21869      1.1233  0.00147858
          50     2.24434     1.09465  0.00163431
          50     2.26999      1.0667  0.00141912
          50     2.29564     1.03693  0.00150939
          50     2.32129     1.01279  0.00121001
          50     2.34694    0.988172  0.00132693
          50     2.37259    0.965997   0.0011642
          50     2.39824    0.946242  0.00121872
          50     2.42389     0.93269  0.00105372
          50     2.44954    0.919509  0.00109608
          50     2.47519    0.908657  0.00116859
          50     2.50084    0.895041  0.00120198
          50     2.52649    0.886439  0.00105599
          50     2.55214    0.886161  0.00121677
