           1     1.30823     1.30823           0
           2     1.40817      1.3582   0.0499734
           3     1.45344     1.38994    0.042898
           4     1.33144     1.37532   0.0336757
           5     1.45568     1.39139    0.030639
           6     1.31336     1.37839   0.0281949
           7     1.34774     1.37401   0.0242277
           8     1.44723     1.38316   0.0228912
           9     1.31574     1.37567   0.0215331
          10     1.37654     1.37576     0.01926
          11     1.27001     1.36614   0.0198979
          12     1.41701     1.37038   0.0186523
          13      1.4568     1.37703   0.0184003
          14     1.44469     1.38186   0.0177075
          15     1.42173     1.38452   0.0166977
          16     1.46289     1.38942   0.0163692
          17     1.44143     1.39248   0.0156777
          18     1.48979     1.39788   0.0157386
          19     1.38888     1.39741   0.0148948
          20     1.50337     1.40271    0.015091
          21     1.48798     1.40677   0.0149176
          22      1.3348      1.4035   0.0145946
          23     1.29486     1.39877   0.0147238
          24     1.43315     1.40021   0.0141696
          25     1.38601     1.39964   0.0136028
          26     1.42746     1.40071   0.0131129
          27       1.382     1.40002   0.0126369
          28     1.28575     1.39593   0.0128428
          29     1.43218     1.39718    0.012455
          30     1.42578     1.39814   0.0120703
          31     1.23524     1.39288   0.0128026
          32     1.27798     1.38929   0.0129056
          33     1.32154     1.38724   0.0126758
          34     1.44732     1.38901   0.0124236
          35     1.26152     1.38536   0.0126014
          36     1.48395      1.3881   0.0125488
          37     1.54363     1.39231   0.0129085
          38     1.52783     1.39587   0.0130606
          39     1.34047     1.39445   0.0128003
          40     1.33986     1.39309   0.0125507
          41      1.5012     1.39572   0.0125215
          42     1.28499     1.39309   0.0125009
          43     1.44366     1.39426   0.0122632
          44     1.34756      1.3932   0.0120282
          45     1.39155     1.39317   0.0117579
          46     1.45888     1.39459   0.0115879
          47     1.40179     1.39475   0.0113397
          48     1.44128     1.39572   0.0111432
          49     1.40003      1.3958   0.0109137
          50      1.4904      1.3977   0.0108593
