           1    -5.48644    -5.48644           0
           2    -5.46704    -5.47674  0.00970273
           3    -5.45264    -5.46871  0.00979387
           4    -5.48418    -5.47258   0.0079323
           5    -5.45622     -5.4693  0.00696059
           6    -5.48876    -5.47255   0.0065433
           7    -5.47483    -5.47287  0.00553967
           8     -5.4525    -5.47033  0.00543148
           9    -5.48215    -5.47164    0.004967
          10    -5.45772    -5.47025  0.00465554
          11    -5.49355    -5.47237    0.004714
          12    -5.45984    -5.47132  0.00442812
          13    -5.46038    -5.47048  0.00415932
          14    -5.45146    -5.46912  0.00408336
          15    -5.45386     -5.4681  0.00393526
          16    -5.45905    -5.46754  0.00372432
          17    -5.44871    -5.46643  0.00366946
          18    -5.44684    -5.46534  0.00362675
          19    -5.45638    -5.46487  0.00346282
          20    -5.45124    -5.46419  0.00335507
          21    -5.44483    -5.46327   0.0033218
          22    -5.48361    -5.46419  0.00329941
          23    -5.48074    -5.46491  0.00323374
          24    -5.45722    -5.46459  0.00311261
          25    -5.46851    -5.46475  0.00298962
          26    -5.45463    -5.46436  0.00289857
          27    -5.46361    -5.46433  0.00278929
          28    -5.48942    -5.46523  0.00283324
          29    -5.45505    -5.46488  0.00275622
          30    -5.46279    -5.46481  0.00266367
          31    -5.48939     -5.4656  0.00269555
          32    -5.48318    -5.46615  0.00266712
          33    -5.47941    -5.46655  0.00261611
          34    -5.45242    -5.46614   0.0025718
          35    -5.48089    -5.46656  0.00253257
          36    -5.43913     -5.4658  0.00257645
          37    -5.43326    -5.46492  0.00265565
          38    -5.44266    -5.46433  0.00265034
          39    -5.48142    -5.46477  0.00261843
          40     -5.4704    -5.46491  0.00255601
          41    -5.43791    -5.46425  0.00257843
          42    -5.48535    -5.46475  0.00256595
          43    -5.45313    -5.46448  0.00252011
          44    -5.46906    -5.46459  0.00246437
          45    -5.45768    -5.46443  0.00241387
          46    -5.45416    -5.46421  0.00237136
          47    -5.46373     -5.4642  0.00232038
          48    -5.45377    -5.46398  0.00228189
          49    -5.46088    -5.46392  0.00223573
          50     -5.4458    -5.46356  0.00222033
