1.21228
1.22239
1.22764
1.22754
1.2226
1.21371
1.20172
1.18718
1.17056
1.15246
1.13398
1.11684
1.10315
1.09486
1.09297
1.09757
1.10822
1.12433
1.14509
1.16914
1.19439
1.21824
1.23827
1.25307
1.26232
1.26631
1.26554
1.2603
1.25091
1.2383
1.22419
1.2106
1.19882
1.18861
1.17835
1.16611
1.15099
1.13389
1.11756
1.10566
1.10112
1.10446
1.11339
1.12381
1.13167
1.13446
1.13175
1.125
1.11652
1.1084
1.10195
1.09758
1.09544
1.09586
1.09974
1.10816
1.1219
1.14084
1.1635
1.1873
1.20907
1.22583
1.23559
1.2378
1.23318
1.22347
1.21106
1.19852
1.18815
1.18162
1.17973
1.18228
1.18843
1.19685
1.20575
1.21286
1.21568
1.2118
1.19996
1.18035
1.15492
1.12681
1.09976
1.07745
1.06334
1.06012
1.06882
1.08809
1.11451
1.14376
1.17216
1.19739
1.21837
1.23485
1.24677
1.25412
1.25685
1.25518
1.2497
1.24129
1.23094
1.21977
1.20877
1.1988
1.19042
1.18378
1.17861
1.17447
1.17092
1.16774
1.16499
1.16262
1.16024
1.15719
1.15318
1.14835
1.1429
1.13673
1.12939
1.12038
1.10935
1.09643
1.08247
1.06893
1.05783
1.0513
1.05127
1.05886
1.07398
1.09484
1.1182
1.14015
1.15744
1.16862
1.17397
1.1751
1.17448
1.17499
1.17928
1.18935
1.2059
1.22782
1.25236
1.27545
1.29305
1.30178
1.29974
1.28681
1.26437
1.23485
1.2011
1.16581
1.13129
1.09951
1.07234
1.05162
1.03888
1.03477
1.03868
1.04912
1.06429
1.08258
1.10287
1.12418
1.14544
1.1656
1.18369
1.19911
1.21146
1.22043
1.22573
1.22699
1.22406
1.2171
1.20682
1.19464
1.18279
1.17399
1.17087
1.1747
1.18454
1.19728
1.20858
1.21411
1.21067
1.19693
1.17359
1.14322
1.10974
1.07796
1.05277
1.03813
1.0359
1.04507
1.06196
1.08189
1.10094
1.11703
1.13
1.14114
1.15219
1.16448
1.17849
1.19388
1.20965
1.22437
1.23653
1.245
1.24945
1.2506
1.25001
1.24949
1.25015
1.25187
1.25343
1.25321
1.25019
1.24412
1.23509
1.22311
1.20803
1.18973
1.16882
1.14699
1.12716
1.113
1.10779
1.11249
1.1245
1.13837
1.14849
1.15168
1.14788
1.13909
1.12823
1.11794
1.11006
1.10547
1.10456
1.1075
1.11454
1.12604
1.14206
1.1622
1.18564
1.21091
1.23577
1.25748
1.27334
1.28121
1.2799
1.26931
1.25034
1.22474
1.19509
1.16463
1.13689
1.11517
1.10205
1.09893
1.10575
1.121
1.14176
1.1642
1.18432
1.1988
1.2057
1.20479
1.19725
1.18537
1.17155
1.15777
1.14512
1.13364
1.12284
1.11224
1.10203
1.09332
1.08759
1.08587
1.08813
1.09317
1.0994
1.10559
1.11149
1.11774
1.12548
1.1357
1.14895
1.16527
1.18412
1.2044
1.22453
1.24239
1.25538
1.26111
1.25761
1.24395
1.22064
1.18978
1.15491
1.12043
1.09101
1.07084
1.06275
1.06784
1.08528
1.11252
1.14579
1.18104
1.21454
1.2431
1.26393
1.27475
1.27381
1.26044
1.23547
1.20156
1.16348
1.12806
1.10346
1.09623
1.10707
1.12971
1.15491
1.17576
1.1898
1.19824
1.20413
1.21065
1.21994
1.23244
1.24666
1.2598
1.26841
1.26919
1.26
1.24039
1.21199
1.17838
1.14397
1.1127
1.08703
1.06796
1.0559
1.05135
1.05512
1.06733
1.08626
1.10831
1.12903
1.14493
1.15442
1.15776
1.15637
1.15196
1.14628
1.14085
1.1367
1.13404
1.1325
1.13184
1.13256
1.13579
1.1427
1.15388
1.16897
1.18707
1.20699
1.22743
1.24702
1.26469
1.27962
1.29121
1.29892
1.3021
1.30027
1.29341
1.28211
1.26737
1.25008
1.23075
1.20962
1.18712
1.16467
1.14462
1.12948
1.12092
1.11875
1.12122
1.12594
1.13057
1.13323
1.13262
1.12822
1.12015
1.10932
1.09712
1.08512
1.07459
1.06659
1.06243
1.06418
1.07399
1.09207
1.11544
1.1393
1.1592
1.17236
1.178
1.17693
1.17112
1.16329
1.15633
1.15298
1.15546
1.16511
1.18192
1.2042
1.22853
1.25064
1.26661
1.27391
1.27197
1.26203
1.24628
1.22689
1.20552
1.18356
1.16255
1.14418
1.12977
1.11971
1.11309
1.10801
1.10248
1.09537
1.08696
1.07871
1.07252
1.06959
1.0701
1.07345
1.07887
1.08591
1.09453
1.10517
1.1186
1.13555
1.15639
1.18078
1.20756
1.23477
1.26027
1.28221
1.29929
1.31078
1.31651
1.31676
1.31203
1.30295
1.29019
1.27416
1.25521
1.23396
1.21173
1.19013
1.17042
1.15295
1.13736
1.12341
1.11122
1.10132
1.09437
1.09091
1.09131
1.09561
1.10351
1.11419
1.12638
1.13846
1.14894
1.15691
1.16219
1.16494
1.16517
1.1623
1.15534
1.14316
1.12532
1.10257
1.07709
1.05236
1.03261
1.02187
1.02305
1.03702
1.06232
1.09567
1.13295
1.17036
1.20499
1.23506
1.25947
1.27747
1.28841
1.29158
1.28656
1.27329
1.25254
1.22627
1.19797
1.17233
1.15432
1.14735
1.15166
1.16436
1.18071
1.19592
1.20649
1.21062
1.20845
1.2018
1.19376
1.18776
1.18619
1.18965
1.19688
1.20547
1.21285
1.21699
1.21685
1.21253
1.20495
1.19517
1.18366
1.1703
1.15481
1.13722
1.11812
1.09881
1.08132
1.06785
1.05995
1.05812
1.06182
1.0702
1.08255
1.09828
1.11661
1.13644
1.15648
1.17542
1.19215
1.20567
1.2152
1.22068
1.22298
1.22376
1.22493
1.22794
1.23326
1.23991
1.24558
1.24722
1.24197
1.22805
1.2057
1.17753
1.14834
1.12373
1.10828
1.10395
1.10962
1.12219
1.13796
1.1537
1.16724
1.17771
1.18546
1.19167
1.19772
1.20454
1.21227
1.22033
1.22783
1.23385
1.23789
1.24032
1.24218
1.24495
1.24981
1.25668
1.26397
1.26893
1.2685
1.26029
1.24306
1.2171
1.18397
1.1463
1.10735
1.07087
1.04066
1.02002
1.01106
1.01396
1.02708
1.04732
1.07106
1.09517
1.11752
1.13699
1.15314
1.16572
1.17474
1.18043
1.18322
1.18334
1.18081
1.17563
1.16831
1.16009
1.15266
1.1476
1.14584
1.14723
1.15069
1.15463
1.15766
1.15912
1.15956
1.16082
1.16529
1.17506
1.19104
1.2122
1.23584
1.25816
1.27536
1.28458
1.28442
1.27483
1.25697
1.23259
1.20412
1.17446
1.14693
1.12472
1.11028
1.10457
1.10682
1.11504
1.12696
1.14078
1.15569
1.17183
1.18954
1.20823
1.22571
1.23886
1.24501
1.24306
1.23354
1.21831
1.20016
1.18218
1.1667
1.15449
1.14453
1.13527
1.1262
1.11795
1.11176
1.10866
1.10875
1.11137
1.11534
1.11933
1.12222
1.1237
1.12452
1.12579
1.12792
1.13006
1.13088
1.12946
1.12595
1.12127
1.11672
1.11383
1.11401
1.1183
1.12688
1.13905
1.15339
1.1682
1.18192
1.19347
1.20242
1.20925
1.21519
1.22124
1.22699
1.23028
1.22818
1.21851
1.20085
1.17656
1.14826
1.11918
1.09268
1.0719
1.05977
1.05872
1.07031
1.09471
1.13013
1.17278
1.21743
1.25838
1.2906
1.31064
1.31706
1.31056
1.29366
1.2704
1.24544
1.22312
1.20653
1.19674
1.19298
1.19295
1.19377
1.19272
1.18774
1.17759
1.16178
1.1407
1.11579
1.08961
1.06576
1.04811
1.03964
1.04188
1.05479
1.07721
1.10716
1.14153
1.17619
1.20666
1.22909
1.24116
1.2423
1.23354
1.21748
1.19774
1.17841
1.16313
1.15443
1.15316
1.15865
1.16919
1.18254
1.19639
1.20872
1.21788
1.22279
1.22321
1.21955
1.21268
1.20347
1.1925
1.17982
1.16533
1.14909
1.13182
1.11523
1.1019
1.09482
1.09639
1.10754
1.12717
1.15229
1.17925
1.20447
1.22546
1.24104
1.25093
1.25546
1.25518
1.25097
1.2439
1.23505
1.22517
1.21431
1.20168
1.18599
1.16613
1.14173
1.11342
1.08269
1.05183
1.02382
1.00196
0.989158
0.986976
0.995265
1.01244
1.03637
1.06504
1.09678
1.13015
1.1637
1.19552
1.22352
1.24588
1.26138
1.26965
1.27117
1.26698
1.25853
1.24758
1.23598
1.22567
1.21846
1.21584
1.21862
1.22661
1.23811
1.25006
1.25871
1.26087
1.2554
1.24374
1.22917
1.21491
1.20232
1.19043
1.17714
1.16069
1.14064
1.11806
1.09528
1.07532
1.06134
1.05598
1.06072
1.07551
1.09867
1.12735
1.15802
1.18723
1.2121
1.23066
1.24199
1.24618
1.24397
1.23617
1.22338
1.20626
1.18572
1.16324
1.14074
1.12003
1.10207
1.08694
1.07431
1.06394
1.056
1.05102
1.04974
1.05285
1.06071
1.07324
1.08958
1.10821
1.12731
1.14569
1.16302
1.17964
1.19565
1.21038
1.22253
1.23091
1.23495
1.2351
1.23258
1.22903
1.22585
1.22382
1.22258
1.22058
1.21566
1.20577
1.18941
1.16625
1.13744
1.10573
1.07534
1.05116
1.03727
1.0354
1.04421
1.06023
1.07919
1.09728
1.1118
1.12161
1.1271
1.12979
1.13179
1.13496
1.14048
1.1488
1.15994
1.17378
1.18994
1.20774
1.22596
1.24299
1.25719
1.26718
1.27219
1.27234
1.26866
1.26268
1.2559
1.24923
1.24277
1.236
1.22851
1.2203
1.21198
1.20451
1.19849
1.1939
1.19
1.18561
1.17951
1.1707
1.15894
1.14521
1.13193
1.12214
1.11796
1.11959
1.12561
1.13403
1.14297
1.15054
1.15483
1.1541
1.1474
1.13506
1.11895
1.10208
1.08784
1.07899
1.07684
1.08118
1.09062
1.10324
1.1174
1.1322
1.1474
1.1629
1.17817
1.19202
1.20284
1.20917
1.2101
1.20543
1.19559
1.18147
1.16432
1.14572
1.12729
1.1106
1.09674
1.08634
1.07955
1.0763
1.07638
1.07967
1.08611
1.09558
1.10762
1.1212
1.13506
1.14828
1.16095
1.17434
1.19043
1.2109
1.23597
1.26415
1.29249
1.31768
1.33686
1.3481
1.35016
1.34285
1.32674
1.3032
1.27407
1.24137
1.20677
1.17169
1.13782
1.10757
1.08419
1.07099
1.06983
1.08014
1.09866
1.12062
1.1412
1.15678
1.16539
1.16674
1.16158
1.15112
1.1365
1.11893
1.10029
1.08345
1.07197
1.06873
1.07417
1.08635
1.10252
1.12097
1.14114
1.16274
1.18463
1.20447
1.21924
1.22635
1.22464
1.21471
1.19863
1.17953
1.16062
1.14455
1.13338
1.12829
1.12958
1.13672
1.1484
1.16304
1.17896
1.1947
1.20907
1.22113
1.23006
1.23538
1.23702
1.23517
1.22998
1.22141
1.2094
1.19448
1.1783
1.16355
1.15323
1.14919
1.15101
1.15606
1.16055
1.16118
1.15604
1.14494
1.12924
1.11127
1.0937
1.0788
1.06788
1.0612
1.05855
1.05979
1.06526
1.07548
1.0905
1.10959
1.13162
1.1555
1.18012
1.20404
1.22556
1.24287
1.25461
1.26008
1.25943
1.25354
1.24383
1.23166
1.21799
1.20328
1.18791
1.17276
1.15933
1.14956
1.14502
1.14612
1.15191
1.16038
1.16927
1.17676
1.18193
1.18461
1.18482
1.18229
1.17643
1.16679
1.15368
1.1384
1.12305
1.10998
1.10105
1.09712
1.0978
1.10193
1.10845
1.11683
1.12711
1.13953
1.15426
1.17099
1.18907
1.20749
1.22483
1.23915
1.24828
1.25018
1.24407
1.23099
1.21403
1.19765
1.18616
1.1821
1.18537
1.19331
1.2019
1.20727
1.20705
1.20118
1.1914
1.18002
1.16868
1.15799
1.14799
1.13879
1.13079
1.12448
1.12003
1.11697
1.11408
1.10994
1.10406
1.09774
1.09421
1.09726
1.10929
1.13009
1.15708
1.18653
1.21455
1.23762
1.25273
1.25794
1.25287
1.23904
1.21937
1.19723
1.17559
1.15654
1.14112
1.12949
1.12108
1.11504
1.11065
1.1079
1.10772
1.11153
1.12077
1.13608
1.15673
1.18055
1.20429
1.22414
1.23666
1.23961
1.23242
1.21639
1.19438
1.16998
1.14664
1.12731
1.11418
1.10939
1.11481
1.13132
1.15772
1.19025
1.22341
1.25156
1.27038
1.27754
1.27257
1.25635
1.23067
1.19807
1.16177
1.12556
1.09322
1.06788
1.05135
1.0441
1.04558
1.05457
1.06924
1.0875
1.10752
1.12798
1.14797
1.16672
1.1833
1.19651
1.20509
1.20817
1.20567
1.1985
1.18848
1.17785
1.16872
1.16288
1.16156
1.1652
1.17325
1.18418
1.19581
1.20596
1.21297
1.21611
1.21551
1.21205
1.20687
1.20099
1.19521
1.19013
1.18637
1.18446
1.18458
1.18624
1.18825
1.18896
1.18691
1.18148
1.1732
1.16348
1.15416
1.14701
1.14319
1.14323
1.14703
1.15406
1.16338
1.1737
1.18347
1.19097
1.19487
1.19442
1.1897
1.18176
1.17257
1.16434
1.15894
1.15717
1.15851
1.16147
1.16396
1.16355
1.15788
1.14518
1.12506
1.09868
1.06878
1.03909
1.01361
0.995627
0.986949
0.987724
0.996585
1.01133
1.02934
1.04821
1.06622
1.08248
1.09707
1.11057
1.12376
1.13725
1.15121
1.16538
1.17927
1.19229
1.20388
1.21357
1.22117
1.22677
1.23081
1.23397
1.23683
1.23927
1.24028
1.23857
1.23352
1.22565
1.21656
1.20815
1.20167
1.19748
1.19547
1.19561
1.19831
1.20402
1.21274
1.22357
1.23478
1.24404
1.24891
1.24755
1.23899
1.22332
1.20199
1.17753
1.15272
1.12996
1.11131
1.0987
1.09377
1.09731
1.10884
1.12682
1.14892
1.17251
1.19482
1.21328
1.22554
1.22969
1.22434
1.20894
1.18404
1.1514
1.1138
1.07516
1.0403
1.01463
1.00298
1.00755
1.02672
1.05613
1.09089
1.12693
1.16132
1.19189
1.21712
1.23596
1.24784
1.25265
1.25078
1.24349
1.23269
1.22051
1.209
1.19975
1.19398
1.19274
1.19692
1.207
1.22237
1.24061
1.25718
1.26652
1.26405
1.24779
1.21932
1.1834
1.14649
1.11453
1.09132
1.07822
1.07509
1.08112
1.09514
1.11574
1.14132
1.16996
1.19933
1.22683
1.24954
1.26488
1.27082
1.26638
1.25183
1.22863
1.19897
1.16553
1.13097
1.09786
1.06895
1.04733
1.03618
1.03809
1.05407
1.08295
1.12131
1.1642
1.2061
1.24209
1.26872
1.28421
1.28813
1.28121
1.26499
1.24196
1.21538
1.18871
1.16451
1.14332
1.12379
1.10387
1.08247
1.06041
1.04036
1.0257
1.01911
1.02196
1.03421
1.05475
1.08199
1.1144
1.15073
1.18969
1.22941
1.2671
1.29948
1.32373
1.33809
1.34176
1.33462
1.31702
1.28988
1.25541
1.21764
1.18202
1.1538
1.13594
1.12776
1.12625
1.12802
1.13096
1.13423
1.13782
1.14207
1.14757
1.15463
1.16259
1.16985
1.17442
1.17479
1.17043
1.16159
1.1496
1.1368
1.12623
1.12065
1.12132
1.12776
1.13833
1.15099
1.16368
1.17469
1.18305
1.18894
1.19361
1.19864
1.20509
1.21318
1.22216
1.23074
1.23754
1.24134
1.24103
1.23591
1.22569
1.21067
1.1919
1.17127
1.15134
1.13476
1.12346
1.11829
1.11894
1.12416
1.13194
1.1399
1.14541
1.14627
1.14148
1.13175
1.11945
1.10812
1.1015
1.10255
1.11287
1.1322
1.15848
1.18834
1.21776
1.24283
1.26043
1.26848
1.26604
1.25355
1.23294
1.20776
1.18278
1.16288
1.1519
1.15155
1.16096
1.17712
1.19575
1.21253
1.22439
1.22977
1.22842
1.22097
1.20848
1.19217
1.17355
1.15478
1.13874
1.12867
1.12706
1.13457
1.14939
1.16747
1.18351
1.19253
1.19146
1.17983
1.16022
1.13743
1.11754
1.10608
1.10628
1.11781
1.13688
1.15777
1.17499
1.1852
1.18803
1.1854
1.17952
1.17174
1.1625
1.15248
1.14342
1.1379
1.13812
1.1449
1.15697
1.17136
1.18483
1.19495
1.20063
1.20211
1.20074
1.19893
1.19931
1.20331
1.21019
1.21751
1.22259
1.22368
1.22018
1.21241
1.20125
1.18803
1.17426
1.16166
1.152
1.14657
1.14569
1.14805
1.15133
1.15325
1.15282
1.15092
1.1498
1.15204
1.15912
1.17044
1.18364
1.19567
1.20418
1.20797
1.20642
1.19908
1.18618
1.16934
1.15156
1.13654
1.12753
1.12647
1.13337
1.14643
1.16271
1.17883
1.1921
1.20103
1.20552
1.20632
1.20419
1.1992
1.19098
1.17939
1.16522
1.15013
1.13601
1.12426
1.11531
1.10877
1.10396
1.10039
1.09803
1.09744
1.09929
1.10402
1.11174
1.12183
1.13352
1.1461
1.15917
1.17282
1.18726
1.20237
1.21724
1.22991
1.23765
1.23782
1.22891
1.21162
1.1891
1.16649
1.14918
1.14106
1.14306
1.15348
1.16933
1.18756
1.20573
1.22195
1.23478
1.24318
1.24665
1.24519
1.2393
1.22962
1.21652
1.20003
1.18007
1.15706
1.1323
1.10809
1.08726
1.07237
1.06497
1.06532
1.07236
1.08418
1.09862
1.1137
1.12789
1.1401
1.14939
1.155
1.15655
1.15419
1.14905
1.14333
1.13978
1.14094
1.14807
1.16062
1.17658
1.19337
1.20883
1.22175
1.23196
1.23994
1.2464
1.25186
1.25627
1.25883
1.25808
1.25236
1.2406
1.22291
1.20063
1.17605
1.15167
1.12956
1.11108
1.09657
1.08558
1.07741
1.07151
1.06816
1.06839
1.07324
1.08288
1.09616
1.11112
1.12572
1.13877
1.14999
1.15981
1.16895
1.17796
1.18721
1.19684
1.20688
1.21697
1.22639
1.23416
1.23924
1.24091
1.239
1.23387
1.2263
1.21693
1.20621
1.19421
1.18091
1.16633
1.15106
1.13619
1.1231
1.11287
1.10563
1.10024
1.0951
1.08927
1.08326
1.07893
1.07841
1.08286
1.09193
1.10428
1.11838
1.13302
1.14736
1.161
1.17367
1.18512
1.19487
1.20204
1.20552
1.20407
1.197
1.18441
1.16724
1.14693
1.1252
1.10386
1.08499
1.0707
1.06259
1.06084
1.06387
1.0686
1.07186
1.0717
1.06816
1.06322
1.06012
1.06228
1.07241
1.09194
1.12094
1.15817
1.20115
1.24644
1.29007
1.32825
1.35805
1.3775
1.38588
1.38332
1.37061
1.34916
1.321
1.28879
1.25554
1.22433
1.19764
1.17706
1.163
1.15465
1.15021
1.14745
1.14415
1.13852
1.12956
1.11716
1.10198
1.0856
1.07008
1.05749
1.04932
1.04595
1.04681
1.05074
1.05666
1.06384
1.07206
1.08137
1.09211
1.10467
1.11946
1.13671
1.15627
1.17744
1.19886
1.21905
1.23664
1.25075
1.26115
1.26788
1.27112
1.27132
1.26923
1.26615
1.26378
1.2636
1.26609
1.27053
1.27531
1.27849
1.27822
1.27329
1.26287
1.24634
1.2231
1.19312
1.15764
1.11922
1.08191
1.05081
1.03086
1.02498
1.03285
1.05134
1.07607
1.10291
1.12839
1.14962
1.16434
1.1711
1.16941
1.1601
1.14542
1.1289
1.11441
1.10524
1.103
1.10714
1.1159
1.12726
1.14006
1.15417
1.1702
1.18883
1.20993
1.23204
1.25266
1.26899
1.27888
1.28131
1.27627
1.26462
1.24766
1.22714
1.20488
1.18246
1.16102
1.14101
1.12221
1.10436
1.0877
1.07356
1.06427
1.06218
1.06866
1.08324
1.10363
1.12653
1.14847
1.16674
1.17985
1.18764
1.19066
1.18997
1.18671
1.18232
1.17839
1.17634
1.17693
1.18024
1.1857
1.19219
1.19815
1.20198
1.20242
1.19881
1.19118
1.18042
1.16791
1.15515
1.14353
1.13383
1.12629
1.12089
1.11787
1.11809
1.12295
1.13357
1.14996
1.17034
1.19164
1.21061
1.22487
1.23334
1.2361
1.23385
1.22751
1.21783
1.2056
1.19172
1.17719
1.16322
1.151
1.14149
1.13526
1.13259
1.13349
1.13788
1.14548
1.15573
1.16763
1.17969
1.18978
1.19558
1.19524
1.18804
1.17485
1.15813
1.14165
1.12948
1.12469
1.12819
1.13832
1.15194
1.16616
1.1792
1.19027
1.19894
1.20468
1.20702
1.20564
1.20052
1.19214
1.1815
1.17012
1.15958
1.15118
1.14554
1.14251
1.14124
1.14022
1.13748
1.13067
1.11788
1.09881
1.07588
1.05421
1.0399
1.03714
1.0464
1.06479
1.0879
1.11147
1.1322
1.14797
1.15781
1.16147
1.15941
1.15267
1.14316
1.13365
1.12728
1.12687
1.13409
1.14901
1.17017
1.19516
1.2214
1.24678
1.26972
1.28929
1.30495
1.31629
1.32298
1.32466
1.32088
1.31102
1.29453
1.27128
1.24198
1.20858
1.17409
1.14199
1.11518
1.09503
1.08118
1.07221
1.06652
1.06288
1.06075
1.05975
1.05942
1.05914
1.05849
1.05753
1.05701
1.05841
1.06397
1.07614
1.09629
1.12333
1.15398
1.18428
1.21125
1.23344
1.25062
1.26287
1.27014
1.27207
1.26829
1.25893
1.24496
1.22811
1.21055
1.19447
1.18131
1.17121
1.16317
1.15564
1.14731
1.13767
1.12726
1.11757
1.11066
1.10836
1.1118
1.12094
1.13459
1.15097
1.16829
1.18527
1.20098
1.21485
1.22601
1.23344
1.23611
1.23356
1.22611
1.215
1.20226
1.19007
1.18012
1.1728
1.16751
1.16301
1.15831
1.1528
1.14632
1.13893
1.13078
1.12242
1.11499
1.11044
1.11109
1.1188
1.13426
1.15692
1.18518
1.21663
1.24842
1.27739
1.30056
1.31511
1.31821
1.30744
1.282
1.2437
1.19717
1.1485
1.10352
1.06619
1.03826
1.01979
1.01031
1.00934
1.01637
1.03077
1.05116
1.0754
1.10055
1.12361
1.14238
1.15583
1.16404
1.16807
1.16968
1.17111
1.17466
1.18194
1.19341
1.20793
1.22324
1.23674
1.24643
1.25159
1.25264
1.25074
1.24731
1.24343
1.23947
1.23516
1.22977
1.22227
1.21172
1.1977
1.18043
1.16094
1.14062
1.12094
1.10328
1.08898
1.07955
1.07641
1.08064
1.09255
1.11131
1.13462
1.15898
1.18074
1.19737
1.20816
1.21413
1.21718
1.21917
1.22119
1.22325
1.22405
1.22131
1.21243
1.19528
1.16934
1.136
1.09826
1.06019
1.0264
1.0017
0.990118
0.993763
1.01198
1.04151
1.07743
1.11438
1.14751
1.17345
1.19065
1.19932
1.20069
1.19624
1.18749
1.17634
1.16549
1.15862
1.15894
1.1676
1.18329
1.20333
1.2247
1.24463
1.26037
1.26946
1.27015
1.26194
1.24613
1.22559
1.20433
1.18635
1.17468
1.17062
1.17376
1.18243
1.19442
1.20759
1.22016
1.23108
1.24013
1.24738
1.25246
1.25425
1.25149
1.24343
1.22995
1.21133
1.18784
1.15986
1.12831
1.09527
1.06429
1.03918
1.02255
1.01486
1.01503
1.02211
1.03564
1.05518
1.07955
1.10669
1.1341
1.15955
1.18138
1.19855
1.21041
1.21647
1.21635
1.20987
1.19736
1.17997
1.15998
1.1406
1.12554
1.11796
1.11934
1.12894
1.14406
1.16095
1.17625
1.18776
1.19489
1.19809
1.19842
1.19681
1.19358
1.18858
1.18136
1.17162
1.15962
1.14626
1.13322
1.12263
1.11657
1.11636
1.12198
1.13193
1.14363
1.15445
1.16237
1.16657
1.16712
1.16474
1.16007
1.1535
1.14504
1.13465
1.12279
1.1109
1.10156
1.09808
1.10345
1.11918
1.1445
1.1764
1.21041
1.24172
1.26621
1.28091
1.28436
1.27665
1.25921
1.23442
1.20514
1.17428
1.14467
1.1189
1.09901
1.08628
1.08047
1.07994
1.08229
1.08561
1.08932
1.09431
1.10239
1.11528
1.1336
1.15634
1.18121
1.20529
1.22622
1.24275
1.25479
1.26282
1.2673
1.26807
1.26455
1.25627
1.24318
1.22598
1.2059
1.18434
1.16263
1.14153
1.12113
1.1011
1.08155
1.06355
1.04949
1.04271
1.04654
1.06297
1.09138
1.12838
1.16832
1.2051
1.23346
1.25032
1.25494
1.24849
1.23315
1.21175
1.18769
1.16501
1.14802
1.14051
1.14472
1.16054
1.18529
1.21448
1.24302
1.26611
1.27986
1.28164
1.27045
1.24716
1.21465
1.17741
1.14073
1.10974
1.08877
1.08073
1.08648
1.10445
1.13099
1.16127
1.18997
1.2121
1.22394
1.22389
1.21255
1.1923
1.16619
1.13773
1.11082
1.08958
1.07765
1.07708
1.0874
1.10597
1.12909
1.15352
1.17729
1.1997
1.2207
1.24016
1.25747
1.27115
1.27926
1.27984
1.27164
1.25471
1.23045
1.20165
1.17217
1.14603
1.12665
1.11633
1.11575
1.12385
1.13768
1.15299
1.1654
1.17156
1.17
1.16119
1.14746
1.13207
1.11835
1.10883
1.10481
1.10666
1.11407
1.12631
1.14226
1.16053
1.17948
1.19747
1.21317
1.22566
1.23444
1.23923
1.23946
1.23449
1.22405
1.20881
1.1905
1.17163
1.1549
1.14264
1.13629
1.1361
1.14119
1.14981
1.15988
1.16944
1.1772
1.18312
1.18841
1.19469
1.20201
1.20785
1.20801
1.19924
1.18164
1.15879
1.13624
1.11924
1.11113
1.11298
1.12415
1.14263
1.16539
1.18897
1.21043
1.22774
1.23956
1.24489
1.24303
1.23422
1.22016
1.20369
1.18777
1.17426
1.1635
1.15497
1.14787
1.14143
1.13493
1.12779
1.11972
1.11078
1.10137
1.092
1.083
1.07468
1.06743
1.06204
1.05991
1.06294
1.07289
