-6.73849
-6.74892
-6.75385
-6.75375
-6.74913
-6.7396
-6.72825
-6.71274
-6.69515
-6.6777
-6.65857
-6.64369
-6.63065
-6.62075
-6.61821
-6.6241
-6.63702
-6.64925
-6.67
-6.6947
-6.72061
-6.74639
-6.76513
-6.77702
-6.78659
-6.78994
-6.78948
-6.78457
-6.77421
-6.76516
-6.75008
-6.73843
-6.72665
-6.71547
-6.70651
-6.69232
-6.67396
-6.65654
-6.6402
-6.62766
-6.62214
-6.62581
-6.63765
-6.6471
-6.65463
-6.65645
-6.65374
-6.64894
-6.63883
-6.63072
-6.62556
-6.62054
-6.61614
-6.61624
-6.62012
-6.62853
-6.64357
-6.66349
-6.68679
-6.71221
-6.73302
-6.74815
-6.75857
-6.7611
-6.75583
-6.74579
-6.73177
-6.71954
-6.70982
-6.70232
-6.70205
-6.70493
-6.7127
-6.72209
-6.7297
-6.73778
-6.74221
-6.73867
-6.72876
-6.70786
-6.68113
-6.6514
-6.6237
-6.60204
-6.58727
-6.58373
-6.5934
-6.61365
-6.63877
-6.6677
-6.69481
-6.71875
-6.73843
-6.75685
-6.77169
-6.78163
-6.78404
-6.78301
-6.7785
-6.76944
-6.76104
-6.75213
-6.73854
-6.72566
-6.71598
-6.70772
-6.69996
-6.69388
-6.68839
-6.68586
-6.68472
-6.68365
-6.67998
-6.67596
-6.67292
-6.66777
-6.66458
-6.66068
-6.65366
-6.644
-6.63168
-6.62038
-6.60512
-6.59223
-6.58177
-6.57557
-6.57488
-6.5815
-6.59857
-6.61878
-6.64182
-6.66441
-6.68106
-6.69127
-6.69468
-6.69646
-6.69712
-6.69763
-6.7016
-6.71069
-6.72789
-6.75047
-6.77468
-6.79939
-6.81829
-6.82605
-6.82466
-6.81366
-6.79058
-6.75944
-6.72633
-6.69072
-6.6562
-6.62507
-6.59886
-6.57718
-6.56476
-6.56032
-6.56294
-6.57208
-6.58596
-6.60458
-6.6239
-6.64617
-6.66872
-6.68986
-6.70763
-6.72208
-6.73507
-6.74566
-6.74934
-6.75126
-6.74929
-6.74299
-6.73205
-6.72117
-6.70867
-6.70181
-6.69578
-6.70025
-6.70913
-6.7209
-6.73123
-6.73773
-6.73332
-6.72023
-6.69721
-6.66684
-6.63207
-6.60287
-6.57832
-6.56303
-6.56016
-6.57062
-6.58849
-6.60745
-6.62423
-6.64226
-6.65718
-6.66864
-6.67936
-6.69036
-6.70502
-6.71878
-6.73359
-6.74928
-6.76176
-6.76926
-6.77597
-6.77744
-6.77815
-6.77568
-6.77764
-6.78098
-6.78124
-6.7807
-6.77801
-6.77161
-6.76194
-6.74899
-6.73325
-6.71334
-6.69276
-6.66995
-6.6485
-6.63336
-6.62912
-6.63188
-6.64454
-6.65874
-6.66919
-6.6753
-6.67213
-6.6627
-6.65184
-6.6422
-6.63528
-6.63037
-6.62784
-6.63175
-6.63815
-6.65159
-6.66534
-6.68419
-6.70762
-6.73419
-6.75906
-6.78109
-6.79663
-6.80482
-6.80352
-6.79519
-6.77493
-6.7503
-6.72096
-6.6905
-6.66406
-6.64363
-6.63213
-6.62804
-6.63324
-6.64947
-6.6699
-6.69072
-6.70923
-6.72273
-6.72931
-6.72614
-6.72054
-6.70996
-6.69581
-6.67782
-6.66711
-6.65564
-6.64289
-6.63197
-6.62112
-6.61435
-6.60926
-6.61014
-6.61208
-6.61679
-6.6214
-6.62759
-6.63414
-6.64136
-6.6491
-6.65931
-6.67354
-6.69051
-6.70936
-6.7277
-6.74556
-6.76407
-6.77738
-6.78377
-6.78156
-6.76758
-6.74426
-6.71632
-6.68047
-6.64566
-6.61625
-6.59542
-6.58766
-6.59243
-6.60987
-6.63776
-6.66974
-6.70564
-6.74011
-6.76834
-6.7908
-6.80097
-6.79809
-6.78374
-6.76007
-6.72745
-6.69034
-6.65329
-6.62804
-6.62049
-6.63069
-6.65302
-6.67886
-6.70004
-6.71505
-6.72478
-6.73293
-6.73751
-6.74713
-6.75865
-6.77287
-6.78343
-6.79107
-6.79185
-6.78202
-6.76338
-6.73368
-6.69974
-6.66338
-6.63082
-6.60773
-6.589
-6.57693
-6.57497
-6.58165
-6.59225
-6.61151
-6.63129
-6.65298
-6.66564
-6.67546
-6.67815
-6.67644
-6.67267
-6.66796
-6.66189
-6.65773
-6.65733
-6.65709
-6.6574
-6.65909
-6.66232
-6.66762
-6.67944
-6.69485
-6.71199
-6.73126
-6.75137
-6.77032
-6.78799
-6.80356
-6.81742
-6.82545
-6.82896
-6.82778
-6.82286
-6.81221
-6.79779
-6.78147
-6.7602
-6.74036
-6.71657
-6.69055
-6.67179
-6.65601
-6.64777
-6.64528
-6.64678
-6.64891
-6.65386
-6.65782
-6.65592
-6.65086
-6.6428
-6.63294
-6.623
-6.61002
-6.59755
-6.58955
-6.58636
-6.58779
-6.59662
-6.6147
-6.63776
-6.6613
-6.68023
-6.69436
-6.70194
-6.69989
-6.69506
-6.68884
-6.68124
-6.67724
-6.67875
-6.69066
-6.70553
-6.72846
-6.75312
-6.77588
-6.79379
-6.80044
-6.79818
-6.78824
-6.77054
-6.74954
-6.72784
-6.70329
-6.68261
-6.66488
-6.6508
-6.64106
-6.6325
-6.6258
-6.62125
-6.61381
-6.60928
-6.60104
-6.59387
-6.59127
-6.59275
-6.59416
-6.59893
-6.605
-6.61556
-6.62783
-6.64093
-6.65787
-6.67937
-6.70441
-6.73248
-6.76131
-6.7868
-6.80745
-6.82292
-6.83603
-6.84078
-6.84297
-6.83889
-6.82949
-6.8164
-6.79907
-6.7811
-6.75985
-6.73924
-6.71731
-6.69566
-6.67625
-6.65969
-6.64736
-6.63517
-6.62397
-6.61637
-6.61323
-6.61105
-6.61729
-6.62875
-6.63781
-6.64773
-6.65949
-6.67062
-6.67956
-6.68516
-6.68856
-6.68944
-6.68722
-6.68025
-6.66678
-6.64765
-6.62522
-6.59812
-6.57338
-6.55298
-6.54289
-6.54439
-6.55837
-6.58205
-6.61572
-6.65269
-6.6888
-6.72407
-6.75479
-6.77888
-6.79882
-6.80944
-6.8139
-6.80985
-6.79853
-6.77616
-6.74827
-6.72061
-6.69432
-6.67664
-6.66935
-6.67398
-6.68636
-6.7053
-6.72019
-6.73076
-6.73231
-6.73045
-6.7251
-6.71835
-6.7143
-6.71045
-6.71456
-6.72308
-6.7333
-6.73939
-6.74256
-6.74079
-6.73712
-6.72955
-6.71976
-6.70761
-6.6923
-6.67714
-6.65922
-6.63817
-6.61822
-6.60073
-6.5892
-6.58162
-6.57979
-6.58317
-6.59317
-6.60552
-6.62125
-6.6412
-6.65974
-6.67848
-6.69808
-6.71642
-6.72994
-6.73979
-6.74592
-6.74854
-6.74835
-6.74856
-6.75091
-6.75721
-6.76548
-6.76921
-6.77247
-6.7669
-6.75104
-6.73062
-6.69921
-6.66937
-6.64605
-6.62964
-6.62595
-6.63
-6.64614
-6.66094
-6.677
-6.69119
-6.70296
-6.71006
-6.71497
-6.7207
-6.72785
-6.7346
-6.74364
-6.75146
-6.75845
-6.76088
-6.76428
-6.7684
-6.77117
-6.77441
-6.78064
-6.78728
-6.7916
-6.79052
-6.78166
-6.76152
-6.7375
-6.70696
-6.66767
-6.62839
-6.59061
-6.5591
-6.53782
-6.52982
-6.53337
-6.54682
-6.56835
-6.59145
-6.61297
-6.63727
-6.65706
-6.67353
-6.68838
-6.69837
-6.70244
-6.70425
-6.70632
-6.70509
-6.70184
-6.69452
-6.6863
-6.67757
-6.67123
-6.66946
-6.66859
-6.67237
-6.67728
-6.67999
-6.6808
-6.68221
-6.68703
-6.6915
-6.699
-6.71401
-6.7355
-6.75881
-6.78211
-6.79737
-6.8053
-6.80578
-6.79846
-6.77963
-6.75524
-6.72935
-6.6984
-6.66924
-6.64768
-6.63583
-6.63045
-6.6314
-6.63963
-6.65058
-6.66439
-6.67963
-6.69513
-6.71186
-6.73055
-6.74707
-6.76119
-6.76508
-6.76539
-6.75489
-6.73902
-6.72151
-6.70321
-6.68838
-6.67585
-6.66718
-6.6576
-6.64918
-6.6419
-6.63538
-6.63066
-6.62978
-6.6337
-6.6367
-6.64102
-6.64229
-6.64636
-6.64555
-6.64683
-6.64831
-6.65078
-6.65062
-6.64952
-6.64731
-6.64198
-6.63905
-6.6368
-6.6386
-6.64354
-6.65277
-6.66527
-6.67896
-6.69085
-6.70425
-6.71483
-6.72346
-6.73288
-6.73946
-6.74583
-6.75159
-6.75391
-6.75278
-6.74279
-6.72254
-6.70018
-6.67092
-6.64409
-6.6163
-6.59811
-6.58469
-6.58395
-6.59651
-6.61865
-6.65505
-6.6977
-6.74073
-6.78233
-6.81423
-6.83621
-6.84329
-6.83484
-6.81696
-6.795
-6.77036
-6.74869
-6.73015
-6.72263
-6.72081
-6.71788
-6.71707
-6.7157
-6.71007
-6.69863
-6.68152
-6.6585
-6.63262
-6.60644
-6.58389
-6.56558
-6.55809
-6.56356
-6.57615
-6.60051
-6.62982
-6.66517
-6.6995
-6.73126
-6.75467
-6.76642
-6.76885
-6.75977
-6.74079
-6.72072
-6.69977
-6.68482
-6.67482
-6.67549
-6.68131
-6.69185
-6.70488
-6.7197
-6.73138
-6.73892
-6.74383
-6.7449
-6.74221
-6.7376
-6.72742
-6.71613
-6.70345
-6.6867
-6.67239
-6.6548
-6.63724
-6.62358
-6.6178
-6.61969
-6.63052
-6.65177
-6.67883
-6.70223
-6.72713
-6.74877
-6.76337
-6.77327
-6.77877
-6.77978
-6.77461
-6.76753
-6.7603
-6.7488
-6.73729
-6.72531
-6.71027
-6.69041
-6.66537
-6.63738
-6.606
-6.57515
-6.54518
-6.52267
-6.50987
-6.50866
-6.5189
-6.53607
-6.56227
-6.58932
-6.62073
-6.65411
-6.68636
-6.71916
-6.7478
-6.77275
-6.78955
-6.7962
-6.79707
-6.79418
-6.78444
-6.77218
-6.76026
-6.7506
-6.74274
-6.73818
-6.74064
-6.75121
-6.76175
-6.77402
-6.78429
-6.78678
-6.78422
-6.77192
-6.75767
-6.74276
-6.73114
-6.71957
-6.70628
-6.68789
-6.66752
-6.64688
-6.62539
-6.60478
-6.5908
-6.58318
-6.58727
-6.60141
-6.6236
-6.65195
-6.6823
-6.71087
-6.73574
-6.75462
-6.76952
-6.77339
-6.76859
-6.76175
-6.75026
-6.73217
-6.71195
-6.69141
-6.66729
-6.64334
-6.62538
-6.60993
-6.596
-6.5879
-6.57996
-6.57563
-6.57143
-6.57292
-6.58305
-6.59526
-6.61095
-6.62861
-6.64707
-6.66739
-6.68504
-6.70328
-6.71929
-6.73467
-6.74682
-6.75455
-6.75762
-6.75874
-6.75719
-6.75299
-6.75013
-6.74875
-6.74815
-6.74486
-6.73865
-6.72714
-6.71175
-6.69021
-6.65946
-6.63001
-6.60026
-6.57544
-6.5609
-6.55676
-6.56396
-6.58031
-6.60023
-6.61704
-6.63252
-6.64169
-6.64718
-6.64987
-6.65154
-6.6573
-6.66379
-6.67179
-6.68487
-6.69709
-6.71487
-6.73494
-6.75382
-6.77246
-6.78407
-6.79147
-6.7968
-6.79858
-6.79522
-6.78987
-6.78374
-6.77967
-6.77223
-6.76417
-6.75441
-6.74522
-6.73561
-6.72879
-6.72309
-6.71883
-6.71784
-6.71313
-6.70865
-6.70114
-6.68808
-6.67402
-6.66009
-6.649
-6.64159
-6.64257
-6.64891
-6.65734
-6.66692
-6.67547
-6.67782
-6.67677
-6.67136
-6.65966
-6.64225
-6.62376
-6.6092
-6.60197
-6.59981
-6.60319
-6.61521
-6.62784
-6.6407
-6.65518
-6.67297
-6.68847
-6.70406
-6.71759
-6.72842
-6.73539
-6.73535
-6.73069
-6.72052
-6.70542
-6.68601
-6.66514
-6.64801
-6.63131
-6.61778
-6.60739
-6.60189
-6.59766
-6.59645
-6.59812
-6.60489
-6.615
-6.62802
-6.64386
-6.66226
-6.67354
-6.6875
-6.70153
-6.716
-6.73453
-6.7622
-6.79361
-6.82196
-6.84747
-6.86504
-6.87595
-6.87574
-6.86714
-6.85297
-6.82943
-6.79997
-6.765
-6.73202
-6.69694
-6.65952
-6.62991
-6.6075
-6.593
-6.59119
-6.60086
-6.61808
-6.64134
-6.66127
-6.67459
-6.68418
-6.6852
-6.67971
-6.67087
-6.65851
-6.64256
-6.62457
-6.60772
-6.59528
-6.59267
-6.59812
-6.60933
-6.62582
-6.64493
-6.6638
-6.68539
-6.70761
-6.72745
-6.74222
-6.74965
-6.74697
-6.7351
-6.71869
-6.7038
-6.68391
-6.66752
-6.65635
-6.65029
-6.65288
-6.65936
-6.67267
-6.68828
-6.70421
-6.71767
-6.73497
-6.74897
-6.76016
-6.76419
-6.76744
-6.76397
-6.75944
-6.7486
-6.73659
-6.72523
-6.7084
-6.69235
-6.68267
-6.67734
-6.67916
-6.68227
-6.68515
-6.68514
-6.67999
-6.66793
-6.65351
-6.63522
-6.62024
-6.60534
-6.59377
-6.58548
-6.58185
-6.58115
-6.585
-6.59554
-6.61315
-6.63127
-6.6533
-6.6775
-6.70115
-6.72507
-6.74757
-6.76552
-6.77921
-6.78565
-6.78597
-6.78008
-6.77231
-6.76112
-6.74615
-6.73143
-6.71672
-6.69929
-6.68457
-6.67415
-6.66896
-6.6733
-6.67844
-6.68789
-6.69678
-6.70104
-6.70685
-6.70726
-6.70812
-6.70591
-6.69876
-6.68944
-6.67796
-6.66073
-6.64408
-6.62939
-6.62144
-6.61556
-6.61624
-6.62102
-6.62884
-6.64175
-6.65105
-6.66477
-6.6795
-6.69623
-6.71302
-6.73144
-6.74877
-6.76149
-6.77158
-6.77154
-6.7664
-6.75332
-6.73538
-6.71965
-6.70913
-6.70637
-6.70802
-6.71499
-6.72423
-6.72798
-6.72874
-6.72222
-6.71309
-6.70138
-6.69101
-6.68226
-6.67291
-6.66436
-6.65442
-6.64908
-6.6443
-6.6419
-6.63641
-6.63325
-6.62899
-6.62461
-6.61881
-6.62154
-6.63486
-6.65631
-6.68395
-6.71179
-6.74142
-6.76676
-6.78025
-6.78448
-6.77909
-6.76526
-6.74656
-6.72053
-6.69824
-6.67919
-6.66442
-6.65118
-6.64439
-6.63737
-6.63168
-6.627
-6.62649
-6.62835
-6.6376
-6.65193
-6.6742
-6.6977
-6.72339
-6.74615
-6.75932
-6.76583
-6.75864
-6.74293
-6.72254
-6.69878
-6.67545
-6.65611
-6.64234
-6.63593
-6.64069
-6.65689
-6.68103
-6.71388
-6.74575
-6.77229
-6.78916
-6.79633
-6.79201
-6.77772
-6.75463
-6.72203
-6.68735
-6.64951
-6.61879
-6.58956
-6.57336
-6.56611
-6.5663
-6.57593
-6.5919
-6.6121
-6.63115
-6.65161
-6.67225
-6.6923
-6.7092
-6.72273
-6.73164
-6.73343
-6.73124
-6.72408
-6.71373
-6.70407
-6.69267
-6.6865
-6.68356
-6.6872
-6.69688
-6.70781
-6.71912
-6.72927
-6.7366
-6.73942
-6.73882
-6.73698
-6.73179
-6.72397
-6.72045
-6.71505
-6.71226
-6.71132
-6.71144
-6.71407
-6.7164
-6.71906
-6.71475
-6.70704
-6.69909
-6.69098
-6.6794
-6.66869
-6.66519
-6.66458
-6.66903
-6.67736
-6.68603
-6.69701
-6.70645
-6.7159
-6.72044
-6.72031
-6.71235
-6.70636
-6.69652
-6.68861
-6.68451
-6.68274
-6.68246
-6.68316
-6.685
-6.68621
-6.67957
-6.6701
-6.64966
-6.62555
-6.59726
-6.56628
-6.53885
-6.52054
-6.51219
-6.51297
-6.51989
-6.53269
-6.55037
-6.56795
-6.58499
-6.60158
-6.61909
-6.63323
-6.64609
-6.66023
-6.67548
-6.6903
-6.70322
-6.71559
-6.72783
-6.73947
-6.74868
-6.75429
-6.75832
-6.76148
-6.76467
-6.76711
-6.76618
-6.7635
-6.75974
-6.75122
-6.74634
-6.73761
-6.72854
-6.72435
-6.72234
-6.72215
-6.72323
-6.72926
-6.73669
-6.75108
-6.76488
-6.77576
-6.78096
-6.77766
-6.76845
-6.75505
-6.73307
-6.70795
-6.68346
-6.65941
-6.63946
-6.62653
-6.61836
-6.61932
-6.63085
-6.6472
-6.6706
-6.69355
-6.71618
-6.73561
-6.74885
-6.753
-6.7483
-6.73289
-6.70833
-6.67568
-6.63775
-6.59652
-6.56198
-6.53599
-6.52401
-6.52826
-6.54613
-6.57717
-6.61031
-6.64829
-6.68236
-6.71261
-6.73881
-6.75733
-6.77114
-6.7779
-6.77829
-6.77263
-6.76311
-6.75158
-6.74169
-6.73114
-6.72473
-6.7238
-6.72863
-6.73968
-6.7515
-6.76877
-6.78405
-6.79275
-6.78898
-6.77077
-6.74166
-6.70573
-6.66816
-6.63556
-6.6117
-6.59795
-6.59741
-6.60279
-6.61681
-6.64065
-6.66721
-6.69811
-6.72813
-6.75693
-6.77867
-6.79206
-6.79736
-6.79227
-6.77805
-6.7529
-6.72259
-6.69013
-6.65524
-6.62116
-6.59193
-6.56934
-6.5598
-6.56139
-6.57705
-6.60366
-6.64397
-6.68783
-6.72876
-6.76669
-6.79332
-6.80785
-6.8108
-6.80388
-6.78863
-6.7643
-6.73642
-6.71072
-6.68684
-6.66306
-6.64451
-6.62751
-6.60545
-6.58565
-6.56431
-6.54965
-6.54435
-6.5472
-6.5601
-6.58065
-6.60692
-6.63803
-6.6763
-6.71721
-6.75693
-6.7943
-6.82669
-6.8519
-6.86659
-6.87091
-6.86344
-6.84617
-6.81773
-6.78261
-6.74387
-6.70921
-6.68034
-6.66183
-6.65334
-6.64924
-6.65036
-6.6533
-6.65754
-6.65952
-6.6615
-6.66667
-6.67503
-6.6817
-6.6896
-6.6945
-6.69811
-6.69278
-6.68329
-6.6713
-6.65785
-6.6489
-6.64299
-6.64302
-6.65011
-6.66035
-6.67269
-6.68538
-6.69704
-6.70475
-6.70838
-6.71498
-6.71904
-6.72646
-6.73553
-6.74385
-6.75406
-6.76086
-6.76401
-6.76337
-6.75955
-6.74804
-6.73366
-6.71554
-6.69556
-6.67627
-6.65807
-6.64515
-6.6416
-6.64355
-6.64682
-6.65687
-6.66807
-6.67358
-6.67476
-6.669
-6.65992
-6.64632
-6.63564
-6.62772
-6.62553
-6.6352
-6.65389
-6.68276
-6.71198
-6.73946
-6.76421
-6.78116
-6.79083
-6.78871
-6.77881
-6.76079
-6.73788
-6.71321
-6.69267
-6.67974
-6.67938
-6.68913
-6.70658
-6.72716
-6.74394
-6.75386
-6.75729
-6.75562
-6.74752
-6.73536
-6.71937
-6.70237
-6.6836
-6.66821
-6.65651
-6.65458
-6.66177
-6.67626
-6.69403
-6.70781
-6.7178
-6.71834
-6.70768
-6.68807
-6.6656
-6.64539
-6.6336
-6.63444
-6.64533
-6.66278
-6.68465
-6.69993
-6.71176
-6.71427
-6.71163
-6.7064
-6.69635
-6.69003
-6.67968
-6.67159
-6.6651
-6.6637
-6.67015
-6.68287
-6.69759
-6.71171
-6.72118
-6.72686
-6.73125
-6.72826
-6.7258
-6.72488
-6.72759
-6.73383
-6.73985
-6.74688
-6.7457
-6.74188
-6.73572
-6.72262
-6.71167
-6.69919
-6.68951
-6.68016
-6.67441
-6.67483
-6.67784
-6.67821
-6.6811
-6.68035
-6.67618
-6.67441
-6.67665
-6.68372
-6.69569
-6.70987
-6.7219
-6.73138
-6.73679
-6.73298
-6.72757
-6.71371
-6.69881
-6.68038
-6.66471
-6.65472
-6.65075
-6.657
-6.66909
-6.68667
-6.70506
-6.71897
-6.725
-6.72915
-6.73028
-6.72686
-6.72187
-6.71396
-6.70205
-6.68918
-6.67474
-6.66029
-6.65081
-6.64476
-6.63725
-6.62986
-6.62693
-6.62393
-6.62236
-6.62421
-6.62765
-6.63763
-6.64773
-6.65941
-6.66941
-6.6828
-6.69678
-6.70959
-6.72503
-6.74055
-6.75354
-6.76064
-6.76113
-6.74964
-6.73169
-6.70917
-6.68915
-6.67216
-6.66533
-6.66669
-6.67743
-6.69458
-6.71314
-6.72969
-6.74526
-6.76003
-6.76844
-6.77223
-6.77142
-6.76553
-6.75746
-6.74631
-6.72982
-6.70824
-6.68458
-6.65917
-6.63496
-6.61542
-6.60021
-6.59216
-6.59251
-6.59761
-6.61041
-6.62549
-6.64057
-6.65573
-6.66827
-6.67788
-6.68382
-6.68731
-6.6843
-6.68175
-6.67376
-6.66827
-6.66911
-6.67785
-6.69007
-6.70539
-6.72251
-6.73505
-6.74765
-6.75527
-6.76259
-6.76971
-6.77646
-6.78119
-6.78441
-6.78398
-6.77858
-6.76521
-6.74751
-6.72426
-6.69839
-6.67401
-6.6519
-6.63115
-6.61696
-6.60662
-6.59877
-6.59352
-6.59211
-6.59234
-6.59557
-6.60586
-6.61882
-6.63216
-6.64546
-6.65721
-6.66714
-6.67664
-6.68837
-6.69835
-6.7076
-6.71691
-6.72695
-6.73865
-6.7471
-6.75487
-6.7606
-6.7639
-6.7636
-6.75556
-6.74798
-6.74055
-6.73016
-6.71817
-6.70357
-6.68932
-6.6734
-6.65885
-6.64641
-6.63683
-6.63088
-6.62484
-6.61905
-6.61323
-6.60397
-6.60094
-6.6001
-6.60358
-6.6146
-6.62727
-6.63942
-6.65277
-6.66938
-6.68334
-6.69633
-6.70843
-6.7198
-6.72794
-6.73305
-6.73224
-6.72549
-6.71421
-6.69671
-6.67834
-6.65499
-6.63106
-6.6109
-6.59563
-6.58752
-6.58383
-6.58589
-6.58965
-6.59453
-6.5921
-6.58694
-6.582
-6.58116
-6.58462
-6.59247
-6.61363
-6.64328
-6.68342
-6.72673
-6.77396
-6.81856
-6.85643
-6.88493
-6.9047
-6.91276
-6.90923
-6.89781
-6.87766
-6.84594
-6.81178
-6.77724
-6.74472
-6.71933
-6.70069
-6.68501
-6.67666
-6.67125
-6.66979
-6.66616
-6.66021
-6.64899
-6.63692
-6.62044
-6.60633
-6.59047
-6.57918
-6.57036
-6.56861
-6.5672
-6.57535
-6.58159
-6.58974
-6.59602
-6.60565
-6.61574
-6.62831
-6.6418
-6.65969
-6.67829
-6.69945
-6.72153
-6.74366
-6.76158
-6.77374
-6.78608
-6.79216
-6.79637
-6.79884
-6.79739
-6.79528
-6.79194
-6.78982
-6.7907
-6.79514
-6.79895
-6.80407
-6.80607
-6.80179
-6.79008
-6.77419
-6.75095
-6.71871
-6.68258
-6.64383
-6.60911
-6.57672
-6.55644
-6.54927
-6.55779
-6.57498
-6.59972
-6.62656
-6.65204
-6.67294
-6.68799
-6.69183
-6.68982
-6.6805
-6.66712
-6.65157
-6.63611
-6.62953
-6.62566
-6.62819
-6.63889
-6.64831
-6.6624
-6.67878
-6.69352
-6.71376
-6.73518
-6.76021
-6.78116
-6.79846
-6.80674
-6.81046
-6.80542
-6.79215
-6.77422
-6.7524
-6.73014
-6.70707
-6.68531
-6.664
-6.6423
-6.62509
-6.60907
-6.59558
-6.58791
-6.58355
-6.58776
-6.60234
-6.62501
-6.64758
-6.6679
-6.6865
-6.69799
-6.70739
-6.7143
-6.71198
-6.71034
-6.7053
-6.70008
-6.69771
-6.697
-6.70193
-6.7061
-6.71389
-6.71953
-6.72238
-6.72282
-6.71953
-6.71352
-6.7018
-6.69025
-6.67458
-6.66295
-6.65358
-6.64734
-6.64323
-6.64118
-6.6414
-6.64691
-6.65915
-6.67489
-6.69398
-6.71269
-6.73425
-6.75143
-6.7612
-6.76655
-6.76364
-6.75666
-6.74601
-6.73151
-6.71762
-6.70504
-6.68945
-6.67626
-6.66707
-6.66084
-6.65752
-6.6581
-6.66508
-6.67365
-6.68261
-6.69353
-6.70495
-6.71568
-6.72213
-6.72212
-6.71168
-6.69817
-6.68241
-6.66722
-6.6557
-6.64929
-6.65312
-6.66163
-6.67557
-6.69142
-6.7051
-6.7165
-6.72516
-6.72993
-6.73162
-6.7309
-6.72513
-6.71739
-6.70449
-6.69343
-6.68289
-6.67287
-6.66561
-6.66485
-6.66325
-6.66029
-6.65723
-6.65139
-6.6399
-6.62147
-6.59886
-6.57816
-6.56223
-6.55915
-6.56744
-6.58648
-6.60926
-6.63381
-6.65421
-6.66999
-6.67885
-6.68316
-6.68142
-6.67274
-6.66258
-6.65209
-6.64669
-6.64628
-6.65351
-6.66972
-6.69055
-6.71587
-6.74244
-6.76943
-6.79237
-6.81453
-6.82987
-6.84218
-6.84725
-6.84926
-6.8445
-6.83497
-6.81751
-6.79394
-6.76367
-6.72929
-6.69382
-6.6601
-6.63394
-6.61282
-6.59832
-6.59324
-6.5869
-6.58423
-6.5808
-6.5811
-6.58109
-6.58211
-6.58211
-6.58147
-6.58289
-6.58656
-6.59115
-6.60267
-6.62411
-6.65051
-6.68019
-6.71016
-6.73844
-6.75998
-6.7765
-6.78876
-6.79441
-6.79698
-6.79029
-6.77899
-6.76566
-6.74719
-6.72995
-6.71485
-6.70298
-6.69385
-6.68581
-6.67861
-6.67158
-6.66226
-6.65152
-6.64248
-6.63362
-6.62938
-6.63508
-6.64358
-6.65852
-6.67523
-6.69514
-6.71017
-6.72589
-6.73652
-6.74963
-6.75932
-6.76329
-6.75879
-6.7507
-6.73926
-6.72587
-6.71207
-6.70373
-6.69576
-6.69144
-6.68598
-6.68062
-6.67608
-6.66994
-6.66027
-6.65148
-6.64376
-6.63828
-6.63567
-6.63534
-6.6437
-6.65851
-6.6802
-6.70943
-6.74024
-6.77008
-6.79679
-6.81867
-6.83063
-6.83567
-6.82685
-6.80108
-6.76376
-6.71787
-6.67243
-6.62809
-6.5885
-6.56024
-6.54242
-6.53229
-6.53003
-6.53771
-6.55243
-6.57283
-6.59739
-6.62319
-6.64496
-6.66243
-6.67458
-6.68474
-6.69006
-6.69264
-6.69569
-6.69923
-6.70555
-6.71766
-6.7351
-6.75138
-6.76585
-6.77393
-6.77747
-6.77917
-6.77694
-6.76962
-6.76477
-6.76082
-6.7565
-6.75111
-6.74296
-6.73372
-6.71937
-6.70275
-6.6839
-6.66294
-6.64261
-6.6243
-6.60903
-6.59895
-6.59419
-6.59907
-6.6126
-6.63136
-6.65758
-6.68259
-6.70468
-6.72228
-6.73275
-6.73839
-6.74273
-6.74472
-6.74739
-6.74847
-6.7483
-6.74493
-6.73637
-6.71922
-6.69295
-6.65994
-6.62382
-6.58509
-6.55228
-6.52821
-6.51696
-6.51898
-6.53883
-6.569
-6.60493
-6.64026
-6.67308
-6.69933
-6.71427
-6.72359
-6.72722
-6.7218
-6.71305
-6.7019
-6.68975
-6.68321
-6.68449
-6.6938
-6.71046
-6.72856
-6.75156
-6.77019
-6.78625
-6.7947
-6.79312
-6.78588
-6.77136
-6.75018
-6.72761
-6.70899
-6.69796
-6.6965
-6.69834
-6.70831
-6.71868
-6.73186
-6.74377
-6.75534
-6.7618
-6.76679
-6.77348
-6.77463
-6.76928
-6.76252
-6.75065
-6.73333
-6.70887
-6.67927
-6.64901
-6.61468
-6.58402
-6.56084
-6.54519
-6.53653
-6.538
-6.54605
-6.5599
-6.58235
-6.60511
-6.63225
-6.65869
-6.68414
-6.705
-6.72217
-6.73597
-6.74139
-6.73997
-6.73252
-6.72001
-6.70197
-6.68295
-6.66422
-6.64915
-6.64092
-6.64199
-6.65126
-6.66541
-6.6823
-6.69825
-6.7088
-6.7156
-6.72041
-6.72139
-6.72108
-6.71817
-6.71253
-6.70401
-6.69557
-6.68098
-6.666
-6.65296
-6.64172
-6.63695
-6.63415
-6.6388
-6.64745
-6.65916
-6.66869
-6.67855
-6.68178
-6.68427
-6.68383
-6.67884
-6.67227
-6.66414
-6.65504
-6.64415
-6.63129
-6.62389
-6.62073
-6.62901
-6.64539
-6.67071
-6.70455
-6.73986
-6.77248
-6.79567
-6.8094
-6.80929
-6.80028
-6.78155
-6.75579
-6.72715
-6.69759
-6.66829
-6.64317
-6.6249
-6.61444
-6.60895
-6.61004
-6.61175
-6.61636
-6.62072
-6.62409
-6.6299
-6.64117
-6.65755
-6.68029
-6.7071
-6.73086
-6.7479
-6.76638
-6.77842
-6.78742
-6.79385
-6.79494
-6.79077
-6.78508
-6.77199
-6.75479
-6.73373
-6.71088
-6.69047
-6.66678
-6.64508
-6.62245
-6.60517
-6.58588
-6.57247
-6.56535
-6.56821
-6.58594
-6.61436
-6.65362
-6.69325
-6.72937
-6.76001
-6.77622
-6.78214
-6.77406
-6.75549
-6.73603
-6.71035
-6.68896
-6.67035
-6.66316
-6.66704
-6.68157
-6.70503
-6.73422
-6.76536
-6.78747
-6.80188
-6.80462
-6.79344
-6.77242
-6.73828
-6.70071
-6.6663
-6.63433
-6.614
-6.60499
-6.60977
-6.62905
-6.65559
-6.68587
-6.71425
-6.73833
-6.74985
-6.75044
-6.73943
-6.71755
-6.69209
-6.66169
-6.63413
-6.61223
-6.60224
-6.60232
-6.61135
-6.62895
-6.65078
-6.67521
-6.70125
-6.72463
-6.74498
-6.76574
-6.78531
-6.79835
-6.80581
-6.80606
-6.79625
-6.7777
-6.75279
-6.72237
-6.6945
-6.66803
-6.64866
-6.63801
-6.63646
-6.64456
-6.65872
-6.67371
-6.68676
-6.69293
-6.69298
-6.68514
-6.67335
-6.65667
-6.64327
-6.63214
-6.62812
-6.63288
-6.64482
-6.65739
-6.67237
-6.68837
-6.70635
-6.72304
-6.73972
-6.75254
-6.76423
-6.76869
-6.76892
-6.76428
-6.75448
-6.73859
-6.72125
-6.70108
-6.68371
-6.66854
-6.66283
-6.66167
-6.6674
-6.677
-6.68254
-6.69242
-6.69986
-6.70675
-6.713
-6.71831
-6.72435
-6.72856
-6.72872
-6.72126
-6.70429
-6.68144
-6.65987
-6.64189
-6.6341
-6.63401
-6.64583
-6.66399
-6.68869
-6.7126
-6.73503
-6.75364
-6.7674
-6.77306
-6.7686
-6.76077
-6.74864
-6.73315
-6.71723
-6.70339
-6.69167
-6.68281
-6.67538
-6.6683
-6.66082
-6.65207
-6.64303
-6.63441
-6.62371
-6.61465
-6.60695
-6.59798
-6.59106
-6.58599
-6.58289
-6.58527
-6.59392
