0.808184
0.814925
0.818425
0.818362
0.815067
0.809142
0.801145
0.791451
0.780372
0.768309
0.755988
0.744557
0.735431
0.72991
0.728645
0.731714
0.738812
0.749555
0.763392
0.779426
0.796263
0.812159
0.825514
0.835382
0.841546
0.844208
0.843692
0.840198
0.833941
0.825534
0.816129
0.807067
0.799216
0.792408
0.785569
0.777408
0.767325
0.755929
0.74504
0.737109
0.734079
0.736308
0.74226
0.749206
0.754444
0.756304
0.754497
0.750001
0.744343
0.738936
0.734633
0.731718
0.730294
0.730576
0.73316
0.73877
0.747934
0.760563
0.775666
0.791531
0.806046
0.817218
0.823727
0.825198
0.822117
0.815644
0.807375
0.799012
0.792101
0.787745
0.786487
0.78819
0.792287
0.797901
0.803835
0.808573
0.81045
0.807869
0.799971
0.786902
0.769949
0.751206
0.733172
0.718303
0.708894
0.706747
0.712545
0.725394
0.743003
0.762508
0.781441
0.798262
0.81225
0.823231
0.831182
0.836081
0.837903
0.836785
0.833133
0.827523
0.820628
0.813179
0.805847
0.799201
0.793612
0.789185
0.78574
0.782983
0.780612
0.778494
0.776657
0.775079
0.773496
0.77146
0.768789
0.76557
0.761933
0.757821
0.752925
0.746917
0.739567
0.730955
0.721647
0.712621
0.705218
0.70087
0.700846
0.705905
0.715989
0.729895
0.745469
0.760097
0.771628
0.77908
0.782646
0.783403
0.782986
0.783324
0.786185
0.792897
0.803933
0.818549
0.834907
0.850302
0.862032
0.867851
0.866495
0.857872
0.842913
0.823234
0.800733
0.777207
0.754195
0.733007
0.714892
0.701082
0.692587
0.689845
0.692454
0.699412
0.709526
0.721723
0.73525
0.749451
0.763624
0.777067
0.789128
0.79941
0.807641
0.813617
0.817151
0.817996
0.816037
0.811403
0.804544
0.796427
0.788527
0.782658
0.780582
0.783133
0.789694
0.798188
0.805721
0.809408
0.807112
0.797953
0.78239
0.762145
0.73983
0.718642
0.701845
0.692086
0.690602
0.696712
0.707975
0.721261
0.73396
0.744685
0.753337
0.760759
0.768126
0.776321
0.785662
0.795917
0.806435
0.816249
0.824353
0.830002
0.832966
0.833732
0.833339
0.832991
0.833434
0.83458
0.835617
0.835474
0.833462
0.829411
0.823394
0.815406
0.805351
0.793156
0.779216
0.764662
0.751439
0.741998
0.738524
0.741658
0.749664
0.75891
0.765661
0.76779
0.765251
0.759395
0.752156
0.745295
0.740038
0.736978
0.73637
0.738333
0.743029
0.750693
0.761371
0.774799
0.790425
0.807272
0.823847
0.838318
0.848895
0.854139
0.85327
0.846207
0.83356
0.816496
0.796723
0.776419
0.757929
0.743446
0.734703
0.732623
0.737165
0.747336
0.761175
0.776132
0.789546
0.799197
0.803799
0.803191
0.798168
0.790247
0.781032
0.771846
0.76341
0.755762
0.748559
0.74149
0.734688
0.728879
0.725057
0.723917
0.725423
0.728779
0.732932
0.737058
0.740995
0.745161
0.750319
0.75713
0.765964
0.776846
0.789411
0.802935
0.816355
0.828258
0.836919
0.840741
0.838406
0.829303
0.813759
0.793186
0.769939
0.74695
0.727341
0.71389
0.708499
0.711893
0.723521
0.741679
0.763861
0.78736
0.809695
0.82873
0.842621
0.849832
0.84921
0.840291
0.823644
0.801037
0.77565
0.752037
0.73564
0.730821
0.738047
0.753143
0.76994
0.78384
0.793201
0.798828
0.802751
0.807099
0.813294
0.821624
0.831105
0.839868
0.845609
0.846127
0.840002
0.826927
0.807993
0.785583
0.762644
0.741799
0.724684
0.711975
0.703934
0.700901
0.703412
0.711554
0.724176
0.738874
0.752687
0.763286
0.769616
0.771841
0.770915
0.767976
0.764185
0.760569
0.757799
0.756023
0.755001
0.754559
0.755041
0.757191
0.761802
0.769255
0.779312
0.791383
0.804662
0.818287
0.831348
0.843126
0.853077
0.860806
0.865946
0.868068
0.866847
0.862273
0.854738
0.844913
0.833389
0.820499
0.80641
0.791415
0.776448
0.763077
0.752989
0.747282
0.745836
0.747482
0.750628
0.753711
0.755486
0.755081
0.752144
0.746769
0.739548
0.731416
0.723411
0.716391
0.711057
0.708286
0.709454
0.715994
0.728045
0.743628
0.759535
0.772801
0.781576
0.785334
0.784617
0.780747
0.775525
0.770886
0.768652
0.770307
0.77674
0.787947
0.8028
0.819022
0.833761
0.844407
0.84927
0.847983
0.841355
0.830853
0.817928
0.803679
0.789039
0.775034
0.762785
0.753181
0.746476
0.742063
0.738674
0.734988
0.730249
0.724638
0.719143
0.715013
0.713063
0.713401
0.715632
0.71925
0.72394
0.729686
0.736783
0.745735
0.757031
0.770929
0.787189
0.805042
0.823178
0.840177
0.854806
0.866195
0.873855
0.877672
0.877838
0.874685
0.868635
0.860126
0.849438
0.836806
0.822641
0.807822
0.793417
0.780281
0.768634
0.758242
0.74894
0.740812
0.734216
0.729578
0.727272
0.727541
0.730408
0.735674
0.742793
0.750919
0.758972
0.765961
0.771271
0.77479
0.77663
0.776779
0.774867
0.770224
0.762106
0.750216
0.735048
0.718062
0.701571
0.688404
0.681246
0.682032
0.691347
0.708214
0.730447
0.755302
0.78024
0.803324
0.823371
0.839647
0.851649
0.858938
0.861053
0.857704
0.848863
0.835025
0.817511
0.798646
0.78155
0.769549
0.764903
0.767774
0.776237
0.78714
0.797278
0.804324
0.807083
0.805632
0.801201
0.795841
0.79184
0.79079
0.793098
0.797917
0.803646
0.808568
0.811327
0.811231
0.808351
0.803302
0.796781
0.789109
0.780201
0.769872
0.758146
0.74541
0.732541
0.720881
0.7119
0.706634
0.705412
0.707883
0.713466
0.721701
0.732184
0.744409
0.757629
0.770986
0.783617
0.794768
0.80378
0.810131
0.813784
0.815317
0.815839
0.816622
0.818624
0.822173
0.826606
0.830386
0.831479
0.827981
0.818703
0.803797
0.785021
0.765558
0.749154
0.738856
0.735966
0.739745
0.748125
0.75864
0.769133
0.778161
0.785138
0.790306
0.794444
0.798479
0.803027
0.80818
0.813552
0.818552
0.822566
0.82526
0.826883
0.828117
0.829968
0.833208
0.837787
0.842646
0.845955
0.845666
0.840191
0.828705
0.811401
0.789314
0.764201
0.738234
0.713913
0.693771
0.680015
0.674039
0.675973
0.684719
0.698211
0.714041
0.73011
0.745016
0.757992
0.768761
0.77715
0.783158
0.786952
0.788811
0.788894
0.78721
0.783753
0.77887
0.773394
0.768438
0.76507
0.763897
0.764823
0.767124
0.769754
0.771773
0.772746
0.77304
0.773883
0.776858
0.783373
0.794025
0.808134
0.823895
0.838775
0.85024
0.856389
0.856282
0.849889
0.837983
0.821726
0.802744
0.782973
0.764617
0.749811
0.740186
0.736382
0.737877
0.743359
0.751309
0.760518
0.770459
0.781222
0.793024
0.805484
0.817141
0.825906
0.830008
0.828707
0.822358
0.812207
0.800106
0.78812
0.777803
0.769663
0.763017
0.75685
0.750799
0.745302
0.741173
0.739104
0.739166
0.740914
0.743563
0.746223
0.74815
0.749134
0.749677
0.750526
0.751947
0.753376
0.753918
0.752971
0.750636
0.747515
0.744482
0.742551
0.742672
0.745532
0.751252
0.759369
0.768929
0.778797
0.787943
0.795646
0.801612
0.806168
0.810125
0.814159
0.817992
0.820186
0.818787
0.812343
0.800569
0.784371
0.765508
0.746117
0.728454
0.714602
0.706516
0.705811
0.713537
0.729804
0.753421
0.781856
0.811617
0.838919
0.860398
0.873758
0.878043
0.873705
0.862437
0.846932
0.830295
0.815415
0.80435
0.797828
0.79532
0.795303
0.795844
0.79515
0.791826
0.785058
0.774519
0.760467
0.743857
0.726405
0.710509
0.698738
0.693094
0.694585
0.703191
0.71814
0.738106
0.761023
0.784123
0.804437
0.819396
0.827439
0.828198
0.822361
0.811655
0.798494
0.785604
0.775423
0.76962
0.768771
0.772434
0.779463
0.788361
0.797594
0.805815
0.811917
0.815193
0.815471
0.813034
0.808453
0.80231
0.795
0.786549
0.776888
0.766058
0.754546
0.743489
0.7346
0.729879
0.730928
0.738361
0.751445
0.768192
0.786166
0.802978
0.816974
0.827357
0.833957
0.836976
0.836785
0.833983
0.829268
0.823369
0.816777
0.809538
0.801119
0.79066
0.777419
0.761156
0.74228
0.721795
0.701223
0.682545
0.667972
0.659439
0.657984
0.66351
0.674959
0.690915
0.710025
0.731184
0.753433
0.7758
0.797016
0.81568
0.830584
0.840917
0.846431
0.847444
0.844652
0.839022
0.831719
0.823986
0.817115
0.812305
0.810559
0.812414
0.817738
0.825409
0.833373
0.83914
0.840579
0.83693
0.829163
0.819448
0.809943
0.801547
0.79362
0.784759
0.773792
0.760427
0.745375
0.730187
0.716877
0.707563
0.703988
0.70715
0.717005
0.732447
0.751564
0.772011
0.791487
0.808065
0.820437
0.827995
0.830788
0.829316
0.824114
0.815586
0.804176
0.79048
0.775495
0.760495
0.746687
0.734712
0.724627
0.716205
0.709292
0.703997
0.700678
0.699827
0.701898
0.707139
0.715494
0.726388
0.738804
0.751543
0.763797
0.775347
0.786425
0.797103
0.806921
0.815022
0.820608
0.8233
0.8234
0.821719
0.819356
0.817232
0.815883
0.815052
0.81372
0.81044
0.803844
0.79294
0.7775
0.758296
0.737151
0.716892
0.700774
0.691515
0.690267
0.69614
0.706823
0.719457
0.731523
0.741198
0.74774
0.751402
0.753195
0.754525
0.75664
0.760318
0.765865
0.773292
0.78252
0.793291
0.805157
0.81731
0.82866
0.838129
0.844789
0.848124
0.84823
0.845777
0.841784
0.837267
0.832822
0.828512
0.824002
0.819006
0.813531
0.807986
0.803006
0.798993
0.795934
0.79333
0.790409
0.786341
0.78047
0.772629
0.763475
0.754621
0.748094
0.745307
0.746395
0.750403
0.756022
0.76198
0.767027
0.769889
0.769403
0.764934
0.756707
0.745964
0.734721
0.725229
0.719328
0.717891
0.720787
0.727077
0.735493
0.744931
0.7548
0.764931
0.775265
0.785445
0.794677
0.801895
0.806112
0.806734
0.803623
0.797062
0.787644
0.776215
0.763816
0.751528
0.740398
0.731157
0.724229
0.719701
0.717532
0.717587
0.719781
0.724075
0.730388
0.738415
0.747468
0.75671
0.765522
0.773967
0.782893
0.793618
0.807264
0.823983
0.842766
0.861661
0.878451
0.891243
0.898731
0.900105
0.895236
0.884494
0.8688
0.849379
0.827578
0.804512
0.781125
0.75855
0.738382
0.722796
0.713991
0.713219
0.720094
0.732438
0.747077
0.760799
0.771184
0.776929
0.777829
0.774387
0.767413
0.757664
0.745952
0.733527
0.722298
0.714649
0.712484
0.716116
0.724231
0.735013
0.747316
0.760762
0.775159
0.789753
0.802979
0.812823
0.817564
0.816427
0.809804
0.799088
0.786355
0.773744
0.763033
0.755584
0.752192
0.753056
0.757811
0.765602
0.775362
0.785976
0.796463
0.806049
0.814088
0.820041
0.823587
0.824679
0.823444
0.81999
0.814273
0.806266
0.796323
0.785531
0.775697
0.768818
0.766127
0.767337
0.770705
0.773699
0.774123
0.770693
0.763296
0.752826
0.74085
0.729134
0.7192
0.711921
0.707468
0.705699
0.706529
0.710175
0.716985
0.726997
0.739725
0.754412
0.770332
0.786744
0.802692
0.81704
0.828579
0.836407
0.840056
0.839619
0.835693
0.829223
0.821109
0.811993
0.802185
0.791942
0.781838
0.772888
0.766376
0.763345
0.76408
0.767937
0.773585
0.779514
0.784508
0.787952
0.789737
0.789877
0.788191
0.784284
0.777857
0.769123
0.758934
0.748701
0.739985
0.734035
0.731414
0.731865
0.73462
0.738965
0.744555
0.751406
0.759687
0.769506
0.780657
0.792713
0.804995
0.81655
0.826103
0.832186
0.833454
0.829383
0.820657
0.809351
0.798432
0.790773
0.788068
0.790244
0.795538
0.801267
0.804846
0.8047
0.800788
0.794269
0.786679
0.77912
0.771994
0.765328
0.759196
0.753859
0.749653
0.746684
0.74465
0.742718
0.739962
0.73604
0.731826
0.729476
0.731508
0.739527
0.753396
0.771388
0.791023
0.809702
0.825077
0.835153
0.838624
0.835247
0.826026
0.812915
0.798152
0.783726
0.771025
0.760747
0.752995
0.747388
0.74336
0.740431
0.738602
0.738477
0.741019
0.747183
0.757385
0.77115
0.787032
0.802863
0.816093
0.824441
0.826407
0.821612
0.810926
0.796252
0.779984
0.764426
0.751537
0.742785
0.739592
0.743204
0.754213
0.771816
0.793498
0.815606
0.834376
0.846918
0.851694
0.848383
0.837565
0.820447
0.798713
0.774516
0.750373
0.728815
0.711918
0.700899
0.696067
0.697054
0.703047
0.712825
0.724998
0.738346
0.751987
0.765311
0.777815
0.788868
0.797675
0.803395
0.805449
0.803778
0.799003
0.792321
0.78523
0.779146
0.775253
0.774371
0.776798
0.782168
0.789455
0.797209
0.803974
0.808645
0.81074
0.810342
0.808036
0.804579
0.800661
0.796803
0.793417
0.790914
0.789641
0.789719
0.790824
0.792164
0.79264
0.791276
0.787651
0.782136
0.77565
0.769442
0.764674
0.762129
0.762151
0.764685
0.769373
0.775586
0.782469
0.788978
0.793982
0.79658
0.796279
0.79313
0.787843
0.78171
0.776225
0.772628
0.771449
0.772339
0.774316
0.775975
0.775702
0.771921
0.763453
0.750039
0.732455
0.71252
0.692728
0.675739
0.663751
0.657966
0.658482
0.66439
0.674221
0.686223
0.698807
0.710812
0.721655
0.731383
0.740381
0.749172
0.758166
0.767472
0.776918
0.786178
0.79486
0.802584
0.809049
0.814114
0.817848
0.820539
0.822646
0.824556
0.826181
0.826852
0.825715
0.822344
0.8171
0.811041
0.805436
0.801116
0.798322
0.796981
0.797075
0.798873
0.802678
0.808491
0.815715
0.823184
0.829357
0.832604
0.8317
0.825995
0.815549
0.801329
0.785018
0.768477
0.753308
0.740871
0.732465
0.72918
0.731541
0.739227
0.75121
0.765944
0.781676
0.796545
0.80885
0.817026
0.819792
0.816227
0.805957
0.789363
0.767598
0.742531
0.716773
0.693535
0.676422
0.668653
0.671699
0.684477
0.704088
0.727257
0.751284
0.77421
0.794595
0.811413
0.823973
0.831891
0.835099
0.833851
0.828996
0.821791
0.813673
0.806003
0.799833
0.795988
0.795157
0.797946
0.804664
0.814915
0.827076
0.83812
0.844348
0.8427
0.831859
0.812882
0.788936
0.764325
0.743021
0.727545
0.718814
0.716725
0.720744
0.730093
0.743825
0.760881
0.779973
0.799556
0.817887
0.833028
0.843251
0.847211
0.844254
0.834554
0.819087
0.79931
0.777019
0.753978
0.731908
0.712633
0.698223
0.690789
0.692061
0.702714
0.721967
0.747543
0.776133
0.804064
0.828057
0.845811
0.856138
0.858756
0.854142
0.843328
0.827975
0.810252
0.792472
0.776342
0.762214
0.749193
0.735917
0.721646
0.706938
0.693574
0.683797
0.679404
0.681304
0.689472
0.703167
0.721326
0.742935
0.767151
0.793124
0.819608
0.844736
0.866322
0.882484
0.89206
0.894507
0.889747
0.878016
0.859919
0.836942
0.81176
0.788012
0.769198
0.757291
0.751843
0.750835
0.75201
0.753973
0.756153
0.758548
0.76138
0.765046
0.769754
0.775062
0.779899
0.782946
0.783196
0.780288
0.774393
0.766399
0.757865
0.75082
0.747099
0.747549
0.751842
0.758886
0.767324
0.775788
0.783125
0.788699
0.792629
0.795738
0.799091
0.803391
0.808788
0.814772
0.820494
0.825027
0.827559
0.82735
0.823939
0.817127
0.807114
0.794601
0.78085
0.767563
0.756509
0.748973
0.745527
0.745962
0.749437
0.754625
0.759937
0.763607
0.764179
0.760987
0.754497
0.7463
0.738749
0.734332
0.735035
0.741912
0.754803
0.77232
0.792227
0.811841
0.828554
0.840285
0.845654
0.844024
0.835697
0.821962
0.805176
0.788519
0.775256
0.767936
0.767697
0.773975
0.784748
0.797168
0.808355
0.816263
0.819847
0.818945
0.813977
0.805653
0.794777
0.782368
0.769852
0.759162
0.752446
0.751374
0.756379
0.766257
0.778314
0.789009
0.795022
0.794306
0.786551
0.773477
0.758285
0.745028
0.73739
0.737517
0.745206
0.757918
0.771846
0.783328
0.790134
0.792023
0.790268
0.786348
0.781158
0.775002
0.768317
0.76228
0.758601
0.758748
0.763267
0.77131
0.780909
0.789889
0.796635
0.800422
0.801406
0.800495
0.799284
0.799537
0.802207
0.806795
0.811672
0.81506
0.815786
0.813455
0.808272
0.800834
0.792022
0.782838
0.774443
0.767998
0.76438
0.763794
0.765369
0.767555
0.768835
0.768549
0.767282
0.766533
0.768029
0.772744
0.780292
0.789096
0.797113
0.802786
0.805314
0.804282
0.799384
0.790788
0.779561
0.767709
0.757695
0.751686
0.750979
0.755578
0.764287
0.775138
0.785889
0.794731
0.800689
0.803677
0.804214
0.802796
0.799468
0.793984
0.786259
0.776816
0.766755
0.757342
0.749508
0.743537
0.739177
0.735977
0.733592
0.73202
0.731627
0.732857
0.736015
0.741158
0.74789
0.755677
0.764066
0.772781
0.781882
0.791505
0.801579
0.811492
0.819937
0.8251
0.825211
0.819274
0.807746
0.792734
0.777662
0.766123
0.760704
0.762039
0.768985
0.779551
0.791709
0.803822
0.814631
0.823184
0.828788
0.831098
0.830129
0.826203
0.819745
0.811013
0.80002
0.786716
0.771373
0.754865
0.738724
0.724838
0.714916
0.709982
0.710213
0.714908
0.722789
0.732412
0.742466
0.751927
0.760067
0.766259
0.770003
0.771032
0.76946
0.766035
0.762218
0.759856
0.76063
0.765379
0.773744
0.784389
0.795582
0.805885
0.814498
0.821305
0.826624
0.830934
0.83457
0.837512
0.83922
0.83872
0.834904
0.827067
0.81527
0.800421
0.784036
0.767782
0.753043
0.740722
0.731044
0.723723
0.71827
0.714339
0.712108
0.71226
0.715492
0.721919
0.730775
0.740744
0.750481
0.759178
0.76666
0.773208
0.7793
0.785308
0.791472
0.797896
0.804589
0.811312
0.817593
0.822772
0.826157
0.827277
0.825998
0.822583
0.817531
0.811283
0.804138
0.796142
0.787272
0.777555
0.767373
0.757459
0.748733
0.741915
0.737085
0.733492
0.730064
0.72618
0.72217
0.719286
0.718943
0.72191
0.727957
0.736189
0.745587
0.755344
0.76491
0.774001
0.782447
0.79008
0.796579
0.801359
0.803683
0.80271
0.797998
0.789609
0.778163
0.764623
0.750135
0.735906
0.723329
0.713799
0.708392
0.70723
0.709244
0.7124
0.714575
0.714464
0.712105
0.708814
0.706744
0.708188
0.714938
0.727959
0.747293
0.772115
0.80077
0.830957
0.860044
0.8855
0.905364
0.918331
0.923918
0.922215
0.913741
0.899443
0.880667
0.859194
0.83703
0.816217
0.798426
0.784709
0.775335
0.769766
0.766805
0.764967
0.762764
0.759011
0.75304
0.744776
0.734654
0.723736
0.713386
0.704994
0.699548
0.697303
0.697873
0.700495
0.70444
0.709224
0.714707
0.720914
0.728073
0.736448
0.746305
0.757804
0.770848
0.784958
0.799241
0.812703
0.824428
0.833835
0.84077
0.845251
0.847414
0.847547
0.846151
0.844099
0.842517
0.842399
0.844063
0.847022
0.850208
0.852324
0.852148
0.848858
0.841916
0.83089
0.815397
0.795416
0.771763
0.746144
0.721274
0.700543
0.687241
0.683322
0.68857
0.700891
0.717383
0.735276
0.75226
0.766411
0.77623
0.780733
0.779607
0.773397
0.763614
0.7526
0.742943
0.736828
0.73533
0.738095
0.743934
0.751504
0.76004
0.769446
0.780136
0.792553
0.806617
0.82136
0.835106
0.845992
0.852588
0.854205
0.850846
0.843077
0.831776
0.818092
0.803255
0.788307
0.774014
0.76067
0.748143
0.736239
0.725131
0.71571
0.709515
0.708122
0.712441
0.722157
0.735756
0.751023
0.765648
0.777829
0.786567
0.791759
0.793774
0.793311
0.791139
0.788212
0.785593
0.784227
0.784622
0.786825
0.79047
0.794794
0.798768
0.801319
0.801614
0.799205
0.794118
0.786949
0.778606
0.770101
0.762351
0.755886
0.750859
0.747257
0.745247
0.745394
0.748636
0.755714
0.76664
0.78023
0.79443
0.807076
0.81658
0.822229
0.824069
0.822567
0.818341
0.81189
0.803733
0.794479
0.784793
0.77548
0.767335
0.760991
0.756839
0.755057
0.755663
0.75859
0.763656
0.770487
0.778418
0.786459
0.793184
0.797053
0.796825
0.792024
0.783236
0.772084
0.761097
0.752984
0.749794
0.752127
0.758878
0.767958
0.777442
0.786133
0.793513
0.799292
0.80312
0.804679
0.803761
0.800348
0.794758
0.787669
0.780078
0.773054
0.767457
0.763694
0.761677
0.760825
0.760147
0.758319
0.753779
0.745253
0.73254
0.717253
0.702805
0.693265
0.691429
0.697602
0.709861
0.725267
0.74098
0.754798
0.765316
0.771872
0.774313
0.772939
0.768447
0.762107
0.755766
0.751521
0.751246
0.756063
0.766007
0.780112
0.796772
0.81427
0.831187
0.84648
0.859524
0.86997
0.877527
0.881988
0.883108
0.880584
0.874013
0.863023
0.847522
0.827989
0.805723
0.782725
0.761324
0.743452
0.730019
0.720786
0.714807
0.711011
0.708588
0.707163
0.706501
0.706278
0.706091
0.705658
0.70502
0.704671
0.705607
0.709312
0.717425
0.730858
0.748887
0.769318
0.789517
0.807502
0.822293
0.833745
0.841914
0.846763
0.848045
0.845528
0.839286
0.829971
0.818737
0.807031
0.796314
0.787538
0.780805
0.775447
0.770428
0.764875
0.758448
0.751505
0.745047
0.740437
0.738909
0.741199
0.747294
0.756393
0.767311
0.778858
0.790178
0.800656
0.809903
0.817341
0.822292
0.824074
0.822371
0.817406
0.810002
0.801505
0.793382
0.786746
0.781867
0.778338
0.775341
0.772204
0.76853
0.764216
0.759287
0.753854
0.748278
0.743329
0.740294
0.740725
0.745866
0.756172
0.77128
0.79012
0.811089
0.832278
0.851593
0.867041
0.87674
0.878804
0.871625
0.854665
0.829135
0.798116
0.765668
0.735677
0.710794
0.692171
0.679858
0.673537
0.672893
0.677581
0.687177
0.700777
0.716934
0.733702
0.749075
0.761587
0.770551
0.776028
0.778713
0.779785
0.78074
0.783105
0.787961
0.795606
0.805289
0.815491
0.824493
0.830954
0.834394
0.835092
0.833824
0.831538
0.828954
0.826315
0.823437
0.819847
0.814844
0.807816
0.798464
0.786954
0.773961
0.760416
0.747294
0.735519
0.725988
0.719701
0.717607
0.720426
0.728367
0.740872
0.756413
0.77265
0.78716
0.798249
0.805441
0.80942
0.811455
0.812781
0.814126
0.815498
0.81603
0.81421
0.808286
0.796852
0.779557
0.757334
0.732176
0.706793
0.684268
0.667797
0.660079
0.662508
0.674655
0.694337
0.718285
0.742917
0.76501
0.782299
0.793768
0.799547
0.800461
0.797492
0.791663
0.784227
0.776993
0.772416
0.772624
0.778397
0.788859
0.802217
0.816469
0.829753
0.840245
0.846307
0.846764
0.841295
0.83075
0.817062
0.802884
0.790902
0.783118
0.780415
0.782507
0.788285
0.796279
0.805063
0.813439
0.820718
0.826753
0.831588
0.834971
0.836164
0.834329
0.828955
0.819968
0.807556
0.791897
0.77324
0.752204
0.730183
0.709527
0.692785
0.6817
0.676574
0.676689
0.681409
0.690425
0.70345
0.719702
0.737795
0.756069
0.77303
0.787587
0.799032
0.80694
0.810982
0.810903
0.806582
0.798239
0.786649
0.773318
0.760399
0.750357
0.745304
0.746229
0.752629
0.762703
0.773964
0.784166
0.791843
0.796596
0.798725
0.798944
0.797871
0.795717
0.792389
0.78757
0.781082
0.773081
0.764176
0.755479
0.748419
0.744379
0.744237
0.747986
0.754617
0.762422
0.769634
0.774916
0.777711
0.778082
0.77649
0.773381
0.769003
0.763361
0.756431
0.748529
0.740601
0.734376
0.732054
0.735631
0.746121
0.763
0.784264
0.806939
0.827815
0.84414
0.853942
0.856241
0.851101
0.839473
0.822947
0.803425
0.782855
0.763113
0.745931
0.732675
0.724189
0.72031
0.719962
0.721529
0.72374
0.726211
0.729543
0.734925
0.743522
0.755731
0.770896
0.787473
0.803528
0.817478
0.828499
0.836528
0.841878
0.844869
0.845379
0.843035
0.837512
0.828785
0.817321
0.803931
0.789562
0.775089
0.761021
0.74742
0.734063
0.721031
0.709035
0.699662
0.695138
0.697692
0.708647
0.72759
0.752251
0.778883
0.803397
0.822306
0.833544
0.836627
0.832323
0.8221
0.807832
0.791791
0.776673
0.765349
0.760342
0.763145
0.773694
0.790194
0.809654
0.828681
0.84407
0.853241
0.854424
0.846968
0.831443
0.809769
0.784939
0.760487
0.739824
0.725844
0.720486
0.72432
0.736302
0.753995
0.77418
0.793312
0.80807
0.815962
0.815926
0.80837
0.794864
0.77746
0.758489
0.740547
0.726385
0.718431
0.718051
0.724934
0.737312
0.752726
0.769014
0.784859
0.799801
0.813797
0.826776
0.838312
0.847431
0.852841
0.853224
0.84776
0.836476
0.8203
0.801099
0.781443
0.764017
0.7511
0.744218
0.743835
0.74923
0.758455
0.768662
0.776931
0.781043
0.779997
0.774126
0.764971
0.754715
0.745566
0.739221
0.736542
0.737775
0.742712
0.750874
0.761508
0.773687
0.786321
0.798311
0.808782
0.817107
0.822961
0.826152
0.826308
0.822994
0.816031
0.805872
0.793666
0.781084
0.76993
0.761761
0.75753
0.757398
0.760791
0.766538
0.773253
0.779626
0.784801
0.788747
0.79227
0.796457
0.801343
0.805231
0.805338
0.799495
0.787757
0.772524
0.757495
0.746163
0.740753
0.741986
0.749435
0.761754
0.776925
0.792647
0.806951
0.818494
0.826371
0.829927
0.828685
0.822816
0.813437
0.802459
0.791845
0.782838
0.775669
0.769979
0.765247
0.760953
0.756617
0.751859
0.74648
0.740521
0.734248
0.727998
0.721999
0.716451
0.71162
0.708025
0.70661
0.708627
0.715257
