-5.52621
-5.52654
-5.52621
-5.52621
-5.52653
-5.52589
-5.52653
-5.52556
-5.52459
-5.52524
-5.52459
-5.52686
-5.5275
-5.52588
-5.52524
-5.52653
-5.5288
-5.52492
-5.52492
-5.52556
-5.52621
-5.52816
-5.52686
-5.52395
-5.52427
-5.52362
-5.52395
-5.52427
-5.5233
-5.52686
-5.52589
-5.52783
-5.52783
-5.52686
-5.52815
-5.52621
-5.52297
-5.52265
-5.52264
-5.52199
-5.52102
-5.52135
-5.52426
-5.52329
-5.52297
-5.522
-5.522
-5.52394
-5.52232
-5.52232
-5.52361
-5.52296
-5.5207
-5.52037
-5.52038
-5.52037
-5.52167
-5.52264
-5.52329
-5.52491
-5.52395
-5.52233
-5.52298
-5.5233
-5.52265
-5.52233
-5.5207
-5.52103
-5.52167
-5.5207
-5.52232
-5.52264
-5.52427
-5.52524
-5.52394
-5.52492
-5.52654
-5.52686
-5.5288
-5.52751
-5.52621
-5.52459
-5.52394
-5.52458
-5.52393
-5.52361
-5.52458
-5.52556
-5.52426
-5.52394
-5.52265
-5.52135
-5.52006
-5.522
-5.52492
-5.52751
-5.52718
-5.52783
-5.5288
-5.52816
-5.5301
-5.53236
-5.52977
-5.52686
-5.52556
-5.52394
-5.52135
-5.51941
-5.51747
-5.51812
-5.51973
-5.52103
-5.51974
-5.51877
-5.51974
-5.51941
-5.52168
-5.52395
-5.52427
-5.52362
-5.52233
-5.52394
-5.52265
-5.52329
-5.52394
-5.52426
-5.52362
-5.52264
-5.52459
-5.52394
-5.52362
-5.52427
-5.52362
-5.52265
-5.52071
-5.52135
-5.52265
-5.52264
-5.52232
-5.52135
-5.52199
-5.52264
-5.52232
-5.52394
-5.52524
-5.52427
-5.52492
-5.52686
-5.52621
-5.52459
-5.52523
-5.52491
-5.52491
-5.52555
-5.52652
-5.52555
-5.52588
-5.52555
-5.52426
-5.52296
-5.52167
-5.52199
-5.52102
-5.52199
-5.52329
-5.52426
-5.52394
-5.52297
-5.52361
-5.52523
-5.52361
-5.52426
-5.52523
-5.52588
-5.52523
-5.52653
-5.52588
-5.52782
-5.52491
-5.52555
-5.52458
-5.52362
-5.52265
-5.52362
-5.52265
-5.5233
-5.52362
-5.52362
-5.52232
-5.52491
-5.52555
-5.5249
-5.52426
-5.52555
-5.52653
-5.52556
-5.52329
-5.52523
-5.52718
-5.5275
-5.52717
-5.52588
-5.52653
-5.52491
-5.52393
-5.52491
-5.52523
-5.52426
-5.52652
-5.52685
-5.52814
-5.5262
-5.52749
-5.52911
-5.52782
-5.52749
-5.52782
-5.52749
-5.52685
-5.52588
-5.52523
-5.52361
-5.52393
-5.52296
-5.52134
-5.52036
-5.52134
-5.51939
-5.52004
-5.52037
-5.5207
-5.52361
-5.52426
-5.52361
-5.52361
-5.52425
-5.52522
-5.5249
-5.52328
-5.52425
-5.52361
-5.52555
-5.52328
-5.52199
-5.52199
-5.52328
-5.52329
-5.52361
-5.52329
-5.52361
-5.52361
-5.52588
-5.52459
-5.52556
-5.52588
-5.52588
-5.52717
-5.52846
-5.53008
-5.52911
-5.52749
-5.52846
-5.52814
-5.52653
-5.52491
-5.52394
-5.52362
-5.52135
-5.52329
-5.52459
-5.52426
-5.52005
-5.522
-5.522
-5.52006
-5.51973
-5.51908
-5.52103
-5.52167
-5.52426
-5.52394
-5.52362
-5.522
-5.522
-5.52265
-5.52362
-5.52362
-5.52362
-5.52459
-5.52524
-5.52524
-5.5233
-5.52103
-5.52168
-5.52201
-5.52265
-5.52395
-5.52363
-5.52363
-5.52654
-5.52556
-5.52524
-5.52524
-5.52459
-5.52491
-5.52459
-5.52459
-5.52524
-5.52395
-5.5246
-5.52557
-5.52525
-5.52687
-5.52622
-5.52428
-5.52331
-5.5246
-5.52589
-5.52686
-5.52524
-5.52458
-5.52426
-5.52362
-5.5233
-5.52395
-5.52428
-5.52525
-5.52654
-5.5288
-5.52686
-5.52718
-5.52622
-5.52622
-5.52363
-5.52266
-5.52266
-5.52201
-5.52299
-5.52169
-5.52136
-5.51942
-5.51812
-5.52071
-5.52103
-5.52103
-5.52362
-5.52653
-5.52492
-5.52524
-5.52298
-5.52395
-5.52071
-5.52104
-5.52039
-5.52006
-5.52071
-5.52168
-5.52103
-5.52103
-5.5233
-5.52459
-5.52556
-5.52653
-5.52653
-5.52491
-5.52556
-5.52588
-5.52491
-5.52427
-5.52394
-5.5233
-5.5233
-5.52395
-5.52621
-5.52653
-5.52686
-5.52751
-5.52945
-5.5301
-5.53042
-5.53139
-5.52945
-5.53074
-5.52945
-5.52588
-5.52718
-5.52653
-5.52685
-5.52653
-5.52556
-5.52297
-5.5233
-5.52459
-5.5233
-5.52265
-5.52264
-5.52361
-5.52588
-5.52491
-5.52296
-5.52296
-5.52393
-5.52361
-5.52263
-5.52264
-5.52232
-5.52199
-5.52102
-5.522
-5.52394
-5.52297
-5.52394
-5.52556
-5.52491
-5.52426
-5.52329
-5.52555
-5.52361
-5.52426
-5.52459
-5.52524
-5.52718
-5.52654
-5.52621
-5.52621
-5.52426
-5.52264
-5.52232
-5.51973
-5.52005
-5.5207
-5.52103
-5.52135
-5.51941
-5.51779
-5.51876
-5.51844
-5.52233
-5.52232
-5.52135
-5.52168
-5.52265
-5.52071
-5.52006
-5.51909
-5.52103
-5.52265
-5.52233
-5.52233
-5.52298
-5.52362
-5.52492
-5.52654
-5.52654
-5.52524
-5.52363
-5.52525
-5.52427
-5.52622
-5.52686
-5.52654
-5.52622
-5.52492
-5.52589
-5.52589
-5.52751
-5.52718
-5.52524
-5.5233
-5.52233
-5.52395
-5.52395
-5.52265
-5.522
-5.52232
-5.51973
-5.52168
-5.52524
-5.52362
-5.52136
-5.52103
-5.52168
-5.52265
-5.52297
-5.52362
-5.52427
-5.52492
-5.52492
-5.52362
-5.52233
-5.52265
-5.52103
-5.52102
-5.52038
-5.52102
-5.52135
-5.52135
-5.51973
-5.52005
-5.51973
-5.51844
-5.51909
-5.51973
-5.51941
-5.52135
-5.52103
-5.52232
-5.5233
-5.52524
-5.52362
-5.522
-5.52264
-5.52199
-5.52232
-5.52199
-5.52232
-5.522
-5.52459
-5.52427
-5.52428
-5.52168
-5.52201
-5.5233
-5.52459
-5.52653
-5.52427
-5.52491
-5.52621
-5.52783
-5.52654
-5.52556
-5.52395
-5.52459
-5.52459
-5.52459
-5.52394
-5.522
-5.52233
-5.522
-5.52006
-5.51941
-5.51941
-5.52135
-5.52167
-5.52167
-5.52135
-5.52297
-5.52297
-5.52297
-5.52459
-5.5233
-5.522
-5.52265
-5.52427
-5.52427
-5.5246
-5.52524
-5.52557
-5.52459
-5.52362
-5.52298
-5.52395
-5.52557
-5.52363
-5.52525
-5.52493
-5.52298
-5.52492
-5.52168
-5.52103
-5.52232
-5.52135
-5.522
-5.52038
-5.52395
-5.52298
-5.52331
-5.52395
-5.52525
-5.5246
-5.52331
-5.52298
-5.52331
-5.52234
-5.52331
-5.52363
-5.52461
-5.52299
-5.52396
-5.52622
-5.52622
-5.5246
-5.52395
-5.52331
-5.52267
-5.52202
-5.52137
-5.51846
-5.5204
-5.52299
-5.52137
-5.52104
-5.51974
-5.51844
-5.51779
-5.51877
-5.51941
-5.51974
-5.52104
-5.52039
-5.5178
-5.51975
-5.52007
-5.52039
-5.52266
-5.52363
-5.52201
-5.52103
-5.52298
-5.52427
-5.52621
-5.52621
-5.52621
-5.52492
-5.52362
-5.52362
-5.52135
-5.52168
-5.52265
-5.52233
-5.52168
-5.52265
-5.52621
-5.52621
-5.52394
-5.52297
-5.52329
-5.52297
-5.52395
-5.52201
-5.52071
-5.52136
-5.52362
-5.52265
-5.52265
-5.52524
-5.52394
-5.52232
-5.52296
-5.52555
-5.52588
-5.52458
-5.52459
-5.52362
-5.52362
-5.52394
-5.5233
-5.52232
-5.52233
-5.52136
-5.52233
-5.52006
-5.52233
-5.52136
-5.52071
-5.52135
-5.52103
-5.52168
-5.52136
-5.52265
-5.52233
-5.52298
-5.52395
-5.52362
-5.52201
-5.52103
-5.52233
-5.52136
-5.52168
-5.52007
-5.52265
-5.52104
-5.52104
-5.52039
-5.52071
-5.51974
-5.52007
-5.52136
-5.52071
-5.52233
-5.52298
-5.52459
-5.52524
-5.52589
-5.52622
-5.52557
-5.52266
-5.52233
-5.52136
-5.52104
-5.52363
-5.52427
-5.5246
-5.5246
-5.52363
-5.5246
-5.52428
-5.52168
-5.52363
-5.52265
-5.52492
-5.52362
-5.52621
-5.52491
-5.52524
-5.52621
-5.52394
-5.52492
-5.52492
-5.5233
-5.52396
-5.52363
-5.52558
-5.52622
-5.52428
-5.52331
-5.5246
-5.52492
-5.52556
-5.52362
-5.52589
-5.52783
-5.52492
-5.5233
-5.52298
-5.52233
-5.52104
-5.51974
-5.5178
-5.51683
-5.51683
-5.51812
-5.51747
-5.51844
-5.52168
-5.52136
-5.5233
-5.52266
-5.52363
-5.52331
-5.52461
-5.52558
-5.52526
-5.52655
-5.52623
-5.52331
-5.52298
-5.52136
-5.52168
-5.52039
-5.52233
-5.52266
-5.52266
-5.52233
-5.52331
-5.52266
-5.52104
-5.52104
-5.52169
-5.52266
-5.52493
-5.52395
-5.52363
-5.52363
-5.52136
-5.52331
-5.52298
-5.52201
-5.52168
-5.52298
-5.5233
-5.52298
-5.5246
-5.52654
-5.52298
-5.52266
-5.52331
-5.52234
-5.52234
-5.52331
-5.52461
-5.52363
-5.52363
-5.52525
-5.52363
-5.52299
-5.52364
-5.52428
-5.52429
-5.52364
-5.52396
-5.52331
-5.52331
-5.52137
-5.52072
-5.52072
-5.52169
-5.52363
-5.52363
-5.5259
-5.52428
-5.52396
-5.52396
-5.52266
-5.52363
-5.52428
-5.52687
-5.52817
-5.52655
-5.52591
-5.5272
-5.5259
-5.52461
-5.52428
-5.52493
-5.52428
-5.52234
-5.52201
-5.52461
-5.52364
-5.52396
-5.52558
-5.52591
-5.52882
-5.52817
-5.52849
-5.52785
-5.52882
-5.52914
-5.52914
-5.5272
-5.52688
-5.52882
-5.53011
-5.52946
-5.52946
-5.52719
-5.52655
-5.5259
-5.52493
-5.52461
-5.52429
-5.52364
-5.52364
-5.52397
-5.52753
-5.5272
-5.52461
-5.52558
-5.52688
-5.52591
-5.52623
-5.52817
-5.52655
-5.52331
-5.52331
-5.52299
-5.52169
-5.52396
-5.52396
-5.52461
-5.52169
-5.52008
-5.52234
-5.52202
-5.52137
-5.5204
-5.51975
-5.5217
-5.52202
-5.52364
-5.52364
-5.52429
-5.52429
-5.52364
-5.52267
-5.52364
-5.52461
-5.52396
-5.52428
-5.52493
-5.52557
-5.52428
-5.52299
-5.52137
-5.52234
-5.52396
-5.52202
-5.52428
-5.52493
-5.52428
-5.52363
-5.52136
-5.51975
-5.52007
-5.52105
-5.51976
-5.52073
-5.52008
-5.52008
-5.52008
-5.51975
-5.52234
-5.52331
-5.52299
-5.52493
-5.52331
-5.52493
-5.5272
-5.52785
-5.52947
-5.52688
-5.52429
-5.52461
-5.52623
-5.52655
-5.5272
-5.52784
-5.53043
-5.52946
-5.52817
-5.5259
-5.52493
-5.52363
-5.52428
-5.5246
-5.52493
-5.52784
-5.52752
-5.52914
-5.53043
-5.52913
-5.52881
-5.52816
-5.52686
-5.52362
-5.52298
-5.5233
-5.52331
-5.52395
-5.52493
-5.52298
-5.52266
-5.52396
-5.5246
-5.5233
-5.52168
-5.52136
-5.52298
-5.52298
-5.52201
-5.5246
-5.5246
-5.52331
-5.52298
-5.52557
-5.52557
-5.5259
-5.52557
-5.52557
-5.52622
-5.52525
-5.52525
-5.52493
-5.52395
-5.52169
-5.51942
-5.52072
-5.52072
-5.52104
-5.52104
-5.52234
-5.52137
-5.52007
-5.51845
-5.51877
-5.51942
-5.52039
-5.52266
-5.5272
-5.52525
-5.52655
-5.52719
-5.52558
-5.52363
-5.52622
-5.52946
-5.52946
-5.52979
-5.52817
-5.52785
-5.52558
-5.52429
-5.52623
-5.52623
-5.5259
-5.52364
-5.52526
-5.52525
-5.52169
-5.52234
-5.52331
-5.52201
-5.52136
-5.52071
-5.51942
-5.52072
-5.52008
-5.51781
-5.51878
-5.51846
-5.51813
-5.51975
-5.52201
-5.52363
-5.52428
-5.52428
-5.5233
-5.52395
-5.52395
-5.52298
-5.52331
-5.52395
-5.52266
-5.52266
-5.52298
-5.52298
-5.52298
-5.52331
-5.52233
-5.52039
-5.52006
-5.52427
-5.5233
-5.52297
-5.52297
-5.522
-5.5233
-5.52265
-5.52427
-5.52524
-5.52524
-5.52298
-5.52589
-5.52784
-5.5301
-5.52881
-5.53043
-5.52881
-5.52945
-5.52719
-5.52719
-5.53075
-5.5301
-5.5288
-5.52945
-5.52815
-5.52816
-5.52622
-5.5246
-5.52395
-5.52395
-5.52298
-5.52427
-5.52395
-5.52654
-5.52654
-5.52589
-5.52427
-5.5233
-5.52135
-5.51974
-5.52006
-5.52265
-5.52168
-5.52168
-5.52201
-5.52103
-5.52103
-5.52201
-5.52266
-5.5246
-5.52557
-5.52654
-5.52654
-5.52848
-5.52945
-5.52816
-5.52816
-5.5288
-5.52654
-5.52524
-5.52459
-5.52394
-5.52718
-5.52654
-5.52751
-5.52751
-5.52427
-5.52492
-5.52265
-5.5233
-5.52363
-5.52233
-5.52266
-5.52427
-5.52233
-5.52103
-5.51941
-5.52038
-5.51844
-5.51844
-5.51909
-5.52039
-5.52492
-5.52395
-5.52524
-5.52524
-5.52524
-5.52395
-5.52395
-5.52395
-5.52233
-5.5233
-5.52136
-5.52233
-5.52233
-5.52136
-5.522
-5.52297
-5.52427
-5.52265
-5.52168
-5.52233
-5.52071
-5.52169
-5.52104
-5.52168
-5.52136
-5.52233
-5.52427
-5.52492
-5.52557
-5.52363
-5.5246
-5.52428
-5.52492
-5.52233
-5.52331
-5.52493
-5.52687
-5.5246
-5.52427
-5.52557
-5.52622
-5.52687
-5.52525
-5.52687
-5.52914
-5.52752
-5.52655
-5.52622
-5.52622
-5.52719
-5.5233
-5.52265
-5.52265
-5.5233
-5.52168
-5.5233
-5.52233
-5.52104
-5.51909
-5.51877
-5.51683
-5.51683
-5.51586
-5.51747
-5.51715
-5.5191
-5.52201
-5.52266
-5.52622
-5.52622
-5.52654
-5.52816
-5.52881
-5.52881
-5.52881
-5.52816
-5.52654
-5.52589
-5.52557
-5.5233
-5.52363
-5.52234
-5.52073
-5.51878
-5.51878
-5.51943
-5.52137
-5.52396
-5.52396
-5.52558
-5.52395
-5.52557
-5.52168
-5.52201
-5.52201
-5.52072
-5.52136
-5.52266
-5.5246
-5.52363
-5.52363
-5.52428
-5.52557
-5.5259
-5.52622
-5.52655
-5.52525
-5.52558
-5.52558
-5.52525
-5.52622
-5.52395
-5.52363
-5.52201
-5.52201
-5.52363
-5.52363
-5.5233
-5.52331
-5.52363
-5.52331
-5.52331
-5.52492
-5.52492
-5.52298
-5.52525
-5.52492
-5.52589
-5.52686
-5.52686
-5.52783
-5.52816
-5.5301
-5.52783
-5.52557
-5.52589
-5.52751
-5.52524
-5.52168
-5.522
-5.52135
-5.522
-5.5233
-5.52265
-5.5233
-5.52298
-5.52492
-5.52557
-5.5259
-5.52266
-5.5246
-5.52395
-5.52427
-5.52557
-5.52557
-5.52395
-5.52168
-5.52104
-5.52266
-5.52169
-5.52493
-5.5246
-5.52687
-5.52848
-5.52719
-5.52524
-5.52492
-5.52524
-5.52524
-5.5233
-5.52136
-5.52104
-5.51974
-5.51877
-5.5191
-5.52201
-5.52266
-5.52233
-5.52298
-5.52428
-5.52492
-5.52395
-5.5233
-5.52395
-5.52589
-5.52751
-5.52751
-5.52751
-5.52752
-5.52784
-5.52784
-5.5259
-5.52493
-5.52622
-5.52557
-5.52978
-5.52946
-5.52687
-5.52687
-5.52687
-5.52654
-5.52492
-5.52524
-5.52395
-5.52751
-5.5301
-5.53172
-5.53205
-5.53011
-5.52946
-5.53173
-5.53108
-5.53043
-5.53075
-5.52945
-5.52816
-5.52783
-5.52459
-5.52201
-5.52201
-5.52039
-5.52168
-5.52104
-5.52136
-5.52234
-5.52331
-5.52331
-5.52396
-5.52396
-5.52428
-5.52428
-5.52395
-5.52136
-5.52168
-5.52135
-5.52103
-5.52071
-5.51942
-5.52104
-5.51942
-5.52137
-5.52104
-5.52072
-5.52169
-5.52137
-5.52331
-5.52525
-5.52751
-5.52913
-5.53043
-5.53107
-5.53269
-5.53139
-5.53074
-5.53107
-5.53171
-5.53269
-5.52913
-5.52816
-5.52687
-5.52622
-5.52493
-5.52299
-5.52234
-5.52233
-5.52168
-5.52103
-5.52038
-5.51973
-5.52232
-5.52167
-5.52167
-5.52491
-5.52589
-5.52815
-5.5288
-5.5301
-5.52913
-5.52719
-5.52654
-5.52589
-5.52622
-5.52427
-5.52363
-5.5246
-5.52427
-5.5233
-5.52298
-5.522
-5.52362
-5.5233
-5.52297
-5.52071
-5.52265
-5.52363
-5.52266
-5.52461
-5.52461
-5.52364
-5.52267
-5.52267
-5.52364
-5.52234
-5.52104
-5.52201
-5.52233
-5.51974
-5.52072
-5.52363
-5.52298
-5.52525
-5.52395
-5.52395
-5.52524
-5.52524
-5.52589
-5.5259
-5.52493
-5.52363
-5.52558
-5.52752
-5.52752
-5.5272
-5.5272
-5.52818
-5.5285
-5.52915
-5.52882
-5.52915
-5.52785
-5.5272
-5.52623
-5.52719
-5.52655
-5.5259
-5.52558
-5.52299
-5.52234
-5.52234
-5.52331
-5.52169
-5.51943
-5.5191
-5.5204
-5.51911
-5.51976
-5.52008
-5.52332
-5.52235
-5.5217
-5.5217
-5.52105
-5.52267
-5.52234
-5.5217
-5.52234
-5.52202
-5.5217
-5.5217
-5.52235
-5.5217
-5.51944
-5.52138
-5.5204
-5.52137
-5.52234
-5.5217
-5.52332
-5.52332
-5.52267
-5.52234
-5.52364
-5.52235
-5.52299
-5.52364
-5.52428
-5.52493
-5.52331
-5.52169
-5.52331
-5.5246
-5.52266
-5.52493
-5.52817
-5.52817
-5.5285
-5.52752
-5.52817
-5.52687
-5.52752
-5.52622
-5.52298
-5.52233
-5.52169
-5.52428
-5.52364
-5.5217
-5.52138
-5.52073
-5.52235
-5.52267
-5.52526
-5.52785
-5.53011
-5.53043
-5.52978
-5.52784
-5.52784
-5.52816
-5.52946
-5.53141
-5.53141
-5.52947
-5.52752
-5.5272
-5.52655
-5.52688
-5.5272
-5.52882
-5.52882
-5.52946
-5.52784
-5.52752
-5.5272
-5.52688
-5.52656
-5.52429
-5.52526
-5.52688
-5.52785
-5.52785
-5.52817
-5.52785
-5.52752
-5.52817
-5.52752
-5.52591
-5.52688
-5.52494
-5.52656
-5.52623
-5.52623
-5.52688
-5.52461
-5.52752
-5.5272
-5.52817
-5.5272
-5.52557
-5.52525
-5.5259
-5.52623
-5.52688
-5.52623
-5.52623
-5.52914
-5.52752
-5.52687
-5.52558
-5.52428
-5.52363
-5.52234
-5.52429
-5.52202
-5.52169
-5.52331
-5.52137
-5.52364
-5.52493
-5.52784
-5.52817
-5.52784
-5.52914
-5.52979
-5.52688
-5.52785
-5.52753
-5.52526
-5.52461
-5.52461
-5.52461
-5.52526
-5.52623
-5.52623
-5.5272
-5.52882
-5.52656
-5.5285
-5.52752
-5.52946
-5.52882
-5.52817
-5.52719
-5.52428
-5.52363
-5.52266
-5.52396
-5.52623
-5.52688
-5.52396
-5.52364
-5.52396
-5.52267
-5.52266
-5.52299
-5.52266
-5.52396
-5.5246
-5.52428
-5.52655
-5.52946
-5.52849
-5.5259
-5.52654
-5.5259
-5.52492
-5.52492
-5.52363
-5.5259
-5.5259
-5.5259
-5.52331
-5.52363
-5.52395
-5.52233
-5.52266
-5.52331
-5.52363
-5.52299
-5.52331
-5.52072
-5.52007
-5.52007
-5.52266
-5.52298
-5.52427
-5.52363
-5.52395
-5.52525
-5.52558
-5.52396
-5.52331
-5.52526
-5.52526
-5.52558
-5.52623
-5.52623
-5.52785
-5.52979
-5.52979
-5.52817
-5.52752
-5.52687
-5.52687
-5.52816
-5.52784
-5.52719
-5.52719
-5.52525
-5.52622
-5.52687
-5.52687
-5.52784
-5.52817
-5.52849
-5.52882
-5.53076
-5.53011
-5.5327
-5.53043
-5.52849
-5.52816
-5.52978
-5.52946
-5.52881
-5.52914
-5.52622
-5.5259
-5.52331
-5.52266
-5.52331
-5.5246
-5.52493
-5.52558
-5.5259
-5.52622
-5.52461
-5.5246
-5.52363
-5.52234
-5.52233
-5.52233
-5.52007
-5.52039
-5.52104
-5.52136
-5.52201
-5.52395
-5.52395
-5.52233
-5.52298
-5.52266
-5.52104
-5.51974
-5.51845
-5.51715
-5.51683
-5.51942
-5.52039
-5.52039
-5.52007
-5.52006
-5.52168
-5.52071
-5.52071
-5.52136
-5.52298
-5.5246
-5.52169
-5.52169
-5.52363
-5.52396
-5.52396
-5.52266
-5.52299
-5.52234
-5.52266
-5.52331
-5.52395
-5.52525
-5.5246
-5.52396
-5.52396
-5.52072
-5.52201
-5.52169
-5.52072
-5.52266
-5.52299
-5.52104
-5.51975
-5.52202
-5.52234
-5.52266
-5.52331
-5.52493
-5.5259
-5.52752
-5.52817
-5.5285
-5.52979
-5.52947
-5.53141
-5.52979
-5.5272
-5.5259
-5.52493
-5.52493
-5.52299
-5.52202
-5.52105
-5.52267
-5.5204
-5.51878
-5.51878
-5.52104
-5.52234
-5.52007
-5.52169
-5.52234
-5.52525
-5.52558
-5.52753
-5.5285
-5.52818
-5.52688
-5.5272
-5.52688
-5.52591
-5.5272
-5.5285
-5.52494
-5.52299
-5.52169
-5.52039
-5.52169
-5.52363
-5.52201
-5.52201
-5.52104
-5.52234
-5.52202
-5.52169
-5.51943
-5.51975
-5.51846
-5.52072
-5.5204
-5.52169
-5.52104
-5.52266
-5.52039
-5.5246
-5.52493
-5.5259
-5.52396
-5.52428
-5.52363
-5.52363
-5.52234
-5.52299
-5.52201
-5.52201
-5.52266
-5.52461
-5.52493
-5.52299
-5.52493
-5.52428
-5.52525
-5.52752
-5.52817
-5.52914
-5.52816
-5.52622
-5.5246
-5.52461
-5.52364
-5.52558
-5.52785
-5.5285
-5.5272
-5.52785
-5.52785
-5.52559
-5.52494
-5.52461
-5.5272
-5.5259
-5.52558
-5.52428
-5.52493
-5.52364
-5.52364
-5.52364
-5.52365
-5.52332
-5.52365
-5.52073
-5.52041
-5.52041
-5.5217
-5.52267
-5.52169
-5.52428
-5.52266
-5.52105
-5.52299
-5.52105
-5.52234
-5.52461
-5.52332
-5.52493
-5.52526
-5.52817
-5.5285
-5.52947
-5.52786
-5.52915
-5.52915
-5.52753
-5.52656
-5.52526
-5.52526
-5.52461
-5.52429
-5.52299
-5.52008
-5.52073
-5.52137
-5.52202
-5.52364
-5.52137
-5.5191
-5.5191
-5.52137
-5.52105
-5.51943
-5.51976
-5.51814
-5.51975
-5.52364
-5.52202
-5.52363
-5.52299
-5.52169
-5.52137
-5.52007
-5.52169
-5.5204
-5.5217
-5.52137
-5.5204
-5.5204
-5.52073
-5.52235
-5.52137
-5.52234
-5.51943
-5.51943
-5.51975
-5.52105
-5.52234
-5.52331
-5.52331
-5.52396
-5.52558
-5.52493
-5.52364
-5.52105
-5.52364
-5.52656
-5.52785
-5.53044
-5.52979
-5.52915
-5.52817
-5.52591
-5.52591
-5.52785
-5.52623
-5.52526
-5.52558
-5.52558
-5.52493
-5.52461
-5.5272
-5.52817
-5.52688
-5.5259
-5.52526
-5.52591
-5.52656
-5.52688
-5.52364
-5.52332
-5.52428
-5.52558
-5.52622
-5.5246
-5.52493
-5.52331
-5.52363
-5.52525
-5.5259
-5.52623
-5.52623
-5.52525
-5.52461
-5.52526
-5.52461
-5.52525
-5.52298
-5.52331
-5.52331
-5.52169
-5.52007
-5.52233
-5.52201
-5.52007
-5.51975
-5.52072
-5.52202
-5.52266
-5.52298
-5.52395
-5.52233
-5.522
-5.52103
-5.52168
-5.52136
-5.52234
-5.52201
-5.52201
-5.52104
-5.52169
-5.52201
-5.52007
-5.51942
-5.51844
-5.51941
-5.51941
-5.51941
-5.52071
-5.52038
-5.52071
-5.52103
-5.52265
-5.52265
-5.52524
-5.52492
-5.52589
-5.52427
-5.52459
-5.52362
-5.52395
-5.52298
-5.52265
-5.52168
-5.52071
-5.51973
-5.51811
-5.51876
-5.51779
-5.51714
-5.52103
-5.52038
-5.52135
-5.52006
-5.52135
-5.52168
-5.52297
-5.52362
-5.52394
-5.52589
-5.52815
-5.52718
-5.52653
-5.52783
-5.52718
-5.52621
-5.52589
-5.52718
-5.52654
-5.52589
-5.52589
-5.52427
-5.52492
-5.522
-5.52006
-5.5207
-5.51908
-5.51941
-5.52038
-5.52167
-5.52264
-5.52264
-5.52297
-5.52426
-5.52459
-5.52426
-5.52491
-5.52296
-5.52102
-5.52329
-5.52264
-5.52393
-5.52426
-5.52685
-5.52491
-5.52491
-5.52167
-5.52362
-5.52588
-5.52718
-5.52524
-5.52459
-5.52426
-5.52361
-5.52199
-5.52361
-5.52296
-5.52394
-5.52297
-5.52232
-5.52329
-5.52361
-5.52134
-5.52069
-5.52134
-5.52328
-5.52523
-5.52425
-5.5249
-5.52425
-5.52328
-5.52425
-5.52361
-5.52167
-5.5194
-5.51811
-5.51552
-5.51746
-5.51941
-5.51908
-5.52005
-5.5207
-5.52393
-5.52458
-5.52231
-5.52199
-5.52263
-5.52199
-5.52069
-5.52134
-5.52166
-5.52167
-5.52199
-5.52264
-5.52135
-5.52005
-5.51876
-5.5207
-5.52199
-5.52296
-5.52458
-5.52458
-5.5236
-5.52425
-5.52717
-5.52814
-5.52911
-5.5275
-5.52588
-5.52653
-5.5262
-5.52231
-5.52134
-5.52134
-5.52134
-5.52134
-5.5207
-5.52199
-5.52167
-5.52231
-5.52296
-5.52231
-5.52167
-5.52102
-5.52005
-5.5194
-5.51778
-5.51843
-5.52005
-5.52005
-5.52296
-5.52361
-5.52394
-5.52491
-5.52459
-5.52426
-5.52555
-5.52555
-5.5262
-5.52523
-5.52426
-5.52361
-5.52394
-5.52394
-5.52361
-5.52394
-5.52555
-5.5249
-5.52587
-5.52652
-5.52684
-5.52522
-5.52684
-5.52749
-5.5275
-5.52588
-5.52556
-5.52589
-5.52362
-5.52427
-5.52653
-5.52556
-5.52556
-5.52556
-5.52426
-5.52458
-5.52555
-5.5262
-5.52717
-5.52523
-5.52685
-5.52556
-5.52588
-5.52524
-5.52297
-5.52394
-5.52523
-5.52458
-5.52329
-5.52264
-5.52328
-5.52587
-5.52458
-5.52588
-5.52426
-5.52426
-5.52362
-5.52426
-5.52167
-5.51941
-5.52103
-5.52038
-5.51779
-5.51908
-5.5207
-5.522
-5.52103
-5.51941
-5.5207
-5.5194
-5.51973
-5.52167
-5.52264
-5.52167
-5.52296
-5.52394
-5.52426
-5.52717
-5.52556
-5.52556
-5.52459
-5.52459
-5.52362
-5.52362
-5.52556
-5.52491
-5.52362
-5.52265
-5.52265
-5.522
-5.52297
-5.52362
-5.52361
-5.52297
-5.52264
-5.52232
-5.52135
-5.52136
-5.522
-5.52103
-5.52071
-5.52233
-5.52298
-5.52427
-5.5246
-5.52395
-5.52265
-5.52395
-5.52136
-5.51974
-5.51974
-5.51909
-5.52038
-5.51779
-5.51682
-5.51553
-5.51553
-5.51424
-5.51618
-5.51521
-5.51715
-5.51909
-5.51877
-5.51877
-5.51909
-5.52039
-5.52136
-5.52039
-5.52233
-5.52265
-5.52556
-5.52621
-5.52621
-5.52816
-5.52946
-5.53075
-5.52946
-5.52849
-5.52493
-5.52363
-5.52234
-5.52137
-5.52201
-5.5233
-5.52363
-5.52427
-5.52589
-5.52816
-5.52848
-5.5301
-5.52946
-5.53075
-5.5314
-5.52978
-5.52751
-5.52589
-5.52395
-5.52395
-5.52589
-5.52557
-5.52169
-5.52363
-5.52363
-5.5246
-5.52654
-5.52687
-5.52622
-5.52881
-5.52881
-5.52881
-5.52784
-5.52654
-5.52784
-5.52524
-5.52395
-5.52136
-5.52363
-5.52233
-5.52297
-5.52265
-5.52168
-5.52297
-5.52297
-5.52524
-5.52492
-5.52428
-5.52655
-5.5259
-5.5272
-5.52558
-5.52234
-5.52428
-5.52266
-5.52395
-5.52233
-5.52265
-5.52233
-5.52103
-5.51974
-5.51974
-5.52234
-5.52137
-5.52201
-5.52299
-5.52299
-5.52525
-5.52363
-5.5233
-5.52557
-5.52459
-5.52524
-5.52427
-5.52329
-5.52459
-5.52459
-5.5246
-5.52428
-5.52622
-5.5259
-5.52655
-5.52687
-5.52525
-5.5259
-5.52396
-5.52331
-5.52266
-5.5246
-5.52524
-5.52395
-5.52298
-5.52169
-5.52169
-5.52396
-5.52493
-5.52428
-5.52558
-5.52784
-5.5272
-5.52655
-5.52623
-5.52461
-5.52299
-5.52234
-5.52072
-5.52233
-5.52201
-5.52201
-5.52168
-5.52071
-5.52071
-5.52104
-5.52072
-5.52137
-5.52137
-5.52299
-5.52396
-5.5259
-5.5246
-5.52492
-5.5233
-5.5233
-5.52622
-5.53075
-5.53107
-5.53011
-5.52784
-5.52687
-5.52558
-5.52655
-5.52688
-5.52979
-5.52946
-5.52946
-5.52979
-5.53043
-5.52978
-5.53076
-5.52946
-5.52881
-5.52589
-5.52654
-5.52557
-5.52622
-5.52719
-5.52266
-5.52298
-5.52266
-5.52363
-5.5246
-5.52363
-5.52233
-5.52072
-5.52072
-5.52201
-5.52266
-5.52265
-5.52362
-5.52265
-5.52297
-5.52103
-5.52168
-5.52136
-5.5233
-5.52363
-5.5246
-5.5259
-5.52784
-5.52817
-5.52558
-5.52655
-5.52849
-5.52946
-5.52946
-5.52913
-5.52816
-5.52784
-5.52751
-5.52687
-5.5259
-5.52428
-5.52331
-5.52363
-5.52233
-5.52266
-5.52395
-5.52331
-5.52363
-5.52395
-5.52298
-5.52233
-5.52103
