1.2003
1.20046
1.20069
1.20117
1.20204
1.20333
1.20499
1.20689
1.20888
1.21076
1.2124
1.21369
1.21455
1.21496
1.21494
1.21455
1.21388
1.21306
1.21224
1.21156
1.21114
1.21106
1.21132
1.21185
1.21255
1.21329
1.21397
1.21448
1.21476
1.2148
1.21458
1.21409
1.21333
1.21228
1.21087
1.20905
1.20675
1.20391
1.20058
1.19687
1.19305
1.18945
1.18647
1.18446
1.18371
1.18445
1.18678
1.19062
1.19563
1.20129
1.20699
1.2122
1.21658
1.21997
1.22239
1.22396
1.22484
1.22519
1.22514
1.22479
1.22417
1.22328
1.22208
1.22054
1.21863
1.2164
1.21396
1.21154
1.20943
1.208
1.20756
1.20827
1.21008
1.2127
1.2157
1.21869
1.22139
1.22372
1.22576
1.22767
1.2296
1.23161
1.23368
1.23568
1.23744
1.23877
1.23949
1.23946
1.23857
1.23678
1.23411
1.23062
1.22647
1.22188
1.21719
1.21282
1.20921
1.20673
1.20561
1.20596
1.20776
1.21082
1.21479
1.21917
1.22346
1.22722
1.23022
1.23234
1.2336
1.23407
1.23384
1.233
1.23166
1.22994
1.22806
1.22626
1.22484
1.22406
1.22405
1.22477
1.22596
1.22727
1.22835
1.22893
1.22888
1.22826
1.2272
1.22595
1.22479
1.22394
1.22358
1.22376
1.22442
1.22542
1.22657
1.22767
1.22857
1.22918
1.22949
1.22953
1.2294
1.22923
1.22913
1.2292
1.2295
1.23004
1.23081
1.23174
1.23277
1.23384
1.23489
1.23585
1.23667
1.23731
1.23771
1.23784
1.23762
1.23698
1.23584
1.23411
1.23174
1.22871
1.22511
1.22116
1.21719
1.21363
1.21093
1.2094
1.20915
1.21006
1.21184
1.2142
1.21692
1.21986
1.22287
1.22565
1.22778
1.22882
1.22848
1.22673
1.22392
1.22064
1.21754
1.2151
1.21349
1.21263
1.21233
1.21246
1.21295
1.21381
1.21506
1.21666
1.21853
1.22051
1.22247
1.22423
1.22567
1.22668
1.22718
1.22716
1.2267
1.22595
1.22513
1.22455
1.22449
1.22513
1.22655
1.2286
1.23103
1.23352
1.23577
1.23755
1.23876
1.23934
1.23931
1.23875
1.23772
1.2363
1.23456
1.23253
1.23021
1.22754
1.22442
1.22071
1.21621
1.21074
1.2042
1.19673
1.18884
1.18143
1.17563
1.17227
1.17143
1.17239
1.17412
1.17582
1.17723
1.17857
1.18029
1.18277
1.18615
1.19026
1.1947
1.19901
1.20281
1.20585
1.20804
1.20937
1.20993
1.20984
1.20922
1.2082
1.20688
1.20535
1.20367
1.2019
1.20007
1.1982
1.1963
1.19436
1.19237
1.1903
1.18815
1.1859
1.18356
1.18118
1.17884
1.17665
1.17474
1.17326
1.17232
1.17197
1.1722
1.17292
1.17399
1.17527
1.17661
1.1779
1.17907
1.18006
1.18086
1.18146
1.18187
1.1821
1.18216
1.18205
1.18175
1.18127
1.18059
1.1797
1.17861
1.17734
1.17597
1.1746
1.17335
1.17235
1.17171
1.17147
1.17161
1.17202
1.17255
1.17307
1.17344
1.17358
1.17346
1.17308
1.1725
1.17179
1.17102
1.17029
1.16964
1.16913
1.16879
1.16867
1.16879
1.16915
1.16971
1.17037
1.17098
1.17135
1.17132
1.17079
1.16982
1.16864
1.16764
1.16723
1.16772
1.16916
1.17134
1.1739
1.17643
1.17862
1.18028
1.18137
1.18192
1.18202
1.18177
1.18127
1.18061
1.17987
1.1791
1.17834
1.17763
1.17699
1.17641
1.17591
1.17549
1.17513
1.17484
1.1746
1.17441
1.17426
1.17416
1.17409
1.17405
1.17401
1.17399
1.17401
1.17411
1.1744
1.17499
1.176
1.17751
1.17951
1.18191
1.18451
1.18709
1.18943
1.19134
1.19271
1.19352
1.19379
1.19365
1.19323
1.19274
1.19236
1.19223
1.19242
1.19295
1.19375
1.1947
1.19566
1.19649
1.19707
1.19731
1.19715
1.19656
1.19556
1.19419
1.19252
1.19064
1.18865
1.18664
1.1847
1.1829
1.18127
1.17987
1.17875
1.17799
1.17774
1.17815
1.17935
1.1814
1.18424
1.18767
1.19144
1.19526
1.1989
1.20218
1.20503
1.20742
1.20939
1.21099
1.21232
1.21345
1.21445
1.21536
1.21622
1.21699
1.21766
1.21813
1.2183
1.21803
1.21717
1.21555
1.21308
1.20977
1.20577
1.20146
1.1974
1.19424
1.19256
1.19271
1.19468
1.1982
1.20278
1.20783
1.21279
1.21723
1.22085
1.22347
1.22501
1.22546
1.22484
1.22322
1.22066
1.21731
1.21331
1.20882
1.20401
1.19908
1.19421
1.18968
1.18578
1.1828
1.18088
1.17996
1.17978
1.1801
1.18095
1.18272
1.186
1.19111
1.19784
1.20546
1.21315
1.22028
1.22652
1.23176
1.23592
1.2389
1.24054
1.24066
1.23915
1.23608
1.23186
1.22729
1.2235
1.22157
1.22208
1.22483
1.22897
1.23347
1.23751
1.24063
1.24267
1.24369
1.2438
1.24317
1.24198
1.24036
1.23848
1.23643
1.23424
1.23184
1.22909
1.22585
1.22219
1.21866
1.21643
1.21692
1.22103
1.22835
1.23736
1.24619
1.2535
1.25864
1.26155
1.26244
1.26164
1.2595
1.25633
1.25245
1.24812
1.24362
1.23916
1.23493
1.23105
1.22762
1.22465
1.22213
1.22003
1.21833
1.21702
1.21613
1.21568
1.21571
1.21622
1.21721
1.21864
1.22044
1.22254
1.2248
1.2271
1.2293
1.23127
1.23291
1.23416
1.23499
1.23539
1.23541
1.23507
1.23441
1.23347
1.23228
1.23086
1.22923
1.22737
1.2253
1.22299
1.22043
1.21759
1.21447
1.21104
1.2073
1.20329
1.19905
1.19472
1.19049
1.18661
1.18336
1.18101
1.17969
1.17939
1.17996
1.18116
1.18274
1.18447
1.18623
1.18793
1.18955
1.19109
1.19255
1.19391
1.19516
1.19625
1.19716
1.19783
1.19823
1.1983
1.19802
1.19734
1.19622
1.19464
1.19256
1.19
1.18701
1.18371
1.18031
1.17711
1.1745
1.17285
1.17241
1.17323
1.17514
1.1778
1.18083
1.18388
1.18672
1.18918
1.1912
1.19277
1.19389
1.19458
1.19485
1.19472
1.1942
1.19332
1.19214
1.19078
1.18938
1.18818
1.18737
1.18713
1.18753
1.18849
1.18981
1.19121
1.19237
1.19302
1.19291
1.19186
1.18975
1.18659
1.18253
1.17794
1.17343
1.16973
1.16743
1.16675
1.16739
1.16874
1.17015
1.17126
1.1721
1.17301
1.17448
1.1769
1.18039
1.18476
1.18962
1.1945
1.19898
1.20283
1.20592
1.20823
1.20984
1.21084
1.21133
1.21142
1.21117
1.21061
1.20973
1.20849
1.20679
1.20454
1.20164
1.19806
1.19384
1.18913
1.18421
1.17941
1.17509
1.17152
1.16886
1.16717
1.16647
1.1668
1.16827
1.17095
1.1748
1.17964
1.18512
1.19085
1.19643
1.2016
1.20617
1.21007
1.2133
1.21589
1.21792
1.21946
1.22058
1.22136
1.22186
1.22215
1.22226
1.22223
1.2221
1.22187
1.22156
1.22114
1.22061
1.21991
1.21901
1.21786
1.21638
1.21452
1.21222
1.20942
1.20611
1.20226
1.19793
1.19322
1.18833
1.18353
1.1792
1.17573
1.1735
1.17278
1.17366
1.17606
1.1797
1.18423
1.18927
1.19447
1.19958
1.20442
1.2089
1.21298
1.21666
1.21997
1.22293
1.22558
1.22795
1.23007
1.23196
1.23365
1.23514
1.23647
1.23762
1.2386
1.23941
1.24003
1.24043
1.24059
1.24048
1.24005
1.23926
1.23806
1.23638
1.23419
1.23148
1.22836
1.22507
1.22212
1.22015
1.21978
1.22132
1.22453
1.22874
1.23306
1.23668
1.23908
1.23999
1.23941
1.23753
1.23469
1.23136
1.22803
1.22514
1.22294
1.22147
1.2206
1.22007
1.21966
1.21919
1.21859
1.21788
1.21708
1.21624
1.21541
1.21466
1.21409
1.21381
1.21391
1.21438
1.21507
1.2157
1.21597
1.21569
1.21484
1.2136
1.21236
1.21164
1.21191
1.21349
1.21633
1.22007
1.22413
1.22798
1.2312
1.23359
1.23512
1.23584
1.23589
1.23541
1.23456
1.2335
1.23237
1.23126
1.23022
1.22922
1.22817
1.22691
1.22528
1.22315
1.22043
1.21716
1.2135
1.2097
1.20605
1.2028
1.20007
1.19783
1.19596
1.19435
1.19297
1.19188
1.19118
1.19095
1.19119
1.1918
1.19262
1.19346
1.19415
1.19458
1.19465
1.19431
1.19353
1.1923
1.19061
1.18849
1.18602
1.18331
1.18054
1.17794
1.17575
1.17418
1.17333
1.17321
1.1737
1.17458
1.17564
1.17667
1.1776
1.17845
1.17931
1.18032
1.18157
1.1831
1.18485
1.18669
1.1885
1.19014
1.1915
1.19254
1.19324
1.19359
1.19362
1.19332
1.19273
1.19183
1.19062
1.18909
1.18722
1.18499
1.18241
1.17952
1.17639
1.17317
1.17008
1.16736
1.16527
1.16402
1.16369
1.16421
1.16532
1.16665
1.16771
1.16801
1.16713
1.16488
1.16147
1.15772
1.15494
1.15452
1.15712
1.16227
1.16861
1.17461
1.17914
1.18159
1.18175
1.17968
1.17559
1.16996
1.16357
1.15753
1.15317
1.15157
1.15318
1.15755
1.1636
1.17009
1.17597
1.1806
1.18365
1.18503
1.18475
1.18292
1.17971
1.17544
1.17069
1.16624
1.16301
1.16174
1.16275
1.16576
1.17013
1.17508
1.17997
1.18441
1.18818
1.1912
1.19349
1.19508
1.19601
1.19634
1.19609
1.19529
1.19396
1.19213
1.18989
1.18741
1.18496
1.18294
1.18174
1.1817
1.1829
1.18522
1.1883
1.19172
1.1951
1.19815
1.20073
1.20278
1.2043
1.20533
1.2059
1.20606
1.20583
1.20521
1.20424
1.20291
1.20124
1.19928
1.1971
1.1948
1.19251
1.19039
1.18858
1.18723
1.18638
1.18608
1.1863
1.18698
1.18805
1.18944
1.19106
1.19283
1.19468
1.19653
1.19833
1.20003
1.2016
1.20299
1.20417
1.20505
1.20556
1.20559
1.20503
1.20379
1.20183
1.19918
1.19597
1.1924
1.1887
1.18506
1.1816
1.17838
1.17548
1.17302
1.17114
1.16992
1.16936
1.16937
1.16989
1.17086
1.17225
1.17401
1.17604
1.17821
1.18036
1.18238
1.18421
1.18584
1.18726
1.18849
1.18952
1.19034
1.19092
1.19122
1.1912
1.19083
1.19003
1.18874
1.18686
1.18433
1.18112
1.17735
1.17328
1.16941
1.16632
1.16458
1.16448
1.16596
1.16861
1.17191
1.17534
1.17854
1.18132
1.18357
1.18532
1.18658
1.18743
1.18792
1.1881
1.18805
1.1878
1.18742
1.18696
1.18644
1.1859
1.18537
1.18484
1.18431
1.18374
1.18308
1.18229
1.18131
1.18008
1.17858
1.17679
1.17478
1.17263
1.17054
1.16876
1.16759
1.16732
1.1681
1.16997
1.17273
1.17604
1.1795
1.1827
1.1853
1.18708
1.18788
1.18762
1.18633
1.18409
1.18109
1.1776
1.17398
1.17062
1.16788
1.16602
1.16515
1.16524
1.16615
1.16768
1.16957
1.17157
1.17344
1.17495
1.17593
1.17625
1.17585
1.17475
1.1731
1.17116
1.16933
1.16802
1.16762
1.16828
1.16993
1.17228
1.17494
1.17751
1.17972
1.18141
1.1825
1.18301
1.18298
1.18249
1.18162
1.18043
1.17899
1.17734
1.17548
1.17341
1.17108
1.16847
1.16552
1.16226
1.15877
1.1553
1.15217
1.14979
1.14853
1.14855
1.14976
1.15183
1.15436
1.15694
1.1593
1.16128
1.16283
1.16398
1.16478
1.16531
1.16563
1.1658
1.16588
1.16592
1.16594
1.16598
1.16606
1.16617
1.16633
1.16651
1.16671
1.16692
1.16713
1.16734
1.16756
1.16779
1.16804
1.1683
1.16854
1.16874
1.16885
1.16883
1.16864
1.16826
1.16769
1.16697
1.16614
1.16529
1.16452
1.16393
1.1636
1.1636
1.16397
1.16466
1.16564
1.1668
1.16802
1.1692
1.17024
1.17104
1.17153
1.17168
1.17146
1.17088
1.17001
1.16894
1.16781
1.1668
1.16608
1.16579
1.16599
1.16668
1.16777
1.1691
1.1705
1.17177
1.17274
1.17325
1.17318
1.17248
1.17117
1.16936
1.16727
1.16518
1.16345
1.16238
1.16216
1.16281
1.16415
1.16585
1.16752
1.16876
1.16925
1.1688
1.16736
1.16504
1.16215
1.15917
1.15664
1.15507
1.15475
1.15562
1.15729
1.1591
1.16038
1.16058
1.15949
1.1572
1.15412
1.15089
1.14818
1.14652
1.14619
1.1472
1.14933
1.15224
1.15559
1.15907
1.16242
1.16543
1.168
1.17007
1.17163
1.17274
1.17348
1.17392
1.17415
1.17422
1.17419
1.17406
1.17385
1.17354
1.17309
1.17247
1.17166
1.17061
1.16932
1.16778
1.16601
1.16407
1.16206
1.16011
1.15841
1.15716
1.15654
1.15669
1.1576
1.15918
1.16124
1.16352
1.16578
1.1678
1.16939
1.17042
1.17082
1.17052
1.1695
1.16776
1.16538
1.16246
1.1592
1.15583
1.15263
1.14981
1.14754
1.14585
1.1447
1.14399
1.14367
1.1437
1.14414
1.14512
1.14675
1.1491
1.15214
1.1557
1.15954
1.16336
1.16692
1.1701
1.17284
1.17517
1.1772
1.17902
1.18071
1.18234
1.18391
1.18541
1.18678
1.18795
1.18884
1.18934
1.18936
1.1888
1.18761
1.18578
1.1834
1.18071
1.17809
1.17602
1.17495
1.17513
1.17647
1.17865
1.18116
1.18358
1.18561
1.18714
1.1882
1.18893
1.18947
1.1899
1.19027
1.19052
1.19055
1.19024
1.1895
1.18828
1.18659
1.18454
1.18229
1.18003
1.17797
1.17627
1.17503
1.1743
1.17407
1.1743
1.17492
1.17586
1.17705
1.17842
1.17993
1.18157
1.18335
1.18527
1.18732
1.18945
1.19155
1.19351
1.19521
1.19655
1.19749
1.19803
1.19827
1.19837
1.19857
1.19912
1.20022
1.20197
1.20431
1.20707
1.20996
1.21274
1.21515
1.21704
1.21831
1.21892
1.21889
1.21824
1.21708
1.21552
1.21373
1.21193
1.21031
1.20909
1.2084
1.20827
1.20866
1.20945
1.21051
1.21169
1.21288
1.21403
1.21507
1.216
1.21681
1.21747
1.21798
1.21831
1.21844
1.21834
1.218
1.21743
1.21668
1.21584
1.21503
1.21441
1.21416
1.2144
1.2152
1.21655
1.21834
1.22037
1.2224
1.22417
1.22545
1.22602
1.22569
1.22433
1.22185
1.21824
1.21359
1.20816
1.2024
1.19688
1.19224
1.18898
1.18732
1.18715
1.18813
1.18983
1.19189
1.19406
1.19618
1.19821
1.20015
1.202
1.20376
1.2054
1.20686
1.20806
1.20891
1.20936
1.20936
1.20893
1.20811
1.20699
1.20568
1.20428
1.20286
1.20145
1.20002
1.19849
1.19675
1.19472
1.19233
1.18961
1.18669
1.1838
1.18125
1.1794
1.17853
1.17881
1.18024
1.18265
1.18576
1.18924
1.19279
1.19617
1.19922
1.20183
1.20398
1.20564
1.20682
1.20752
1.20776
1.20754
1.20685
1.20571
1.20415
1.20225
1.20016
1.19807
1.19622
1.19483
1.19406
1.19395
1.19442
1.19527
1.19629
1.19727
1.19804
1.19854
1.19874
1.19869
1.19847
1.1982
1.19796
1.19787
1.19796
1.19826
1.19876
1.19939
1.20008
1.20074
1.20128
1.2016
1.20159
1.20112
1.20007
1.19829
1.19569
1.19225
1.18814
1.18378
1.17983
1.17707
1.17608
1.17696
1.17933
1.18243
1.18554
1.18814
1.18996
1.19097
1.19129
1.19111
1.19062
1.19003
1.18952
1.18921
1.18916
1.18937
1.18975
1.19012
1.19025
1.18987
1.18869
1.18651
1.1833
1.17933
1.17523
1.17197
1.17049
1.17126
1.17406
1.17807
1.1823
1.18595
1.18855
1.18999
1.19033
1.18974
1.18849
1.18681
1.18501
1.18333
1.182
1.18118
1.18091
1.18115
1.18176
1.18255
1.18334
1.184
1.18443
1.1846
1.18454
1.18427
1.18387
1.1834
1.18288
1.18237
1.18185
1.18133
1.18078
1.18012
1.17925
1.17804
1.17629
1.17382
1.17049
1.16636
1.16181
1.15765
1.15498
1.15476
1.15729
1.162
1.16777
1.17348
1.17836
1.18207
1.18458
1.18601
1.18655
1.1864
1.18572
1.18465
1.18331
1.18184
1.18034
1.17894
1.17779
1.17699
1.17668
1.17693
1.17779
1.17925
1.18125
1.18369
1.18644
1.18935
1.19231
1.19518
1.19787
1.20032
1.20246
1.20428
1.20575
1.20686
1.20763
1.20807
1.2082
1.20802
1.20757
1.20681
1.20574
1.20429
1.2024
1.19998
1.197
1.19347
1.18949
1.18525
1.18107
1.1773
1.17436
1.17258
1.17221
1.17335
1.17589
1.17958
1.18403
1.18882
1.19355
1.19791
1.20167
1.20474
1.20712
1.20891
1.21024
1.21128
1.21222
1.2132
1.21433
1.21564
1.21709
1.21858
1.21999
1.22116
1.22199
1.22239
1.2223
1.22172
1.22065
1.21909
1.21706
1.21458
1.21166
1.20836
1.20475
1.20099
1.19733
1.1941
1.19165
1.19034
1.19039
1.19182
1.19448
1.19802
1.20205
1.20617
1.21008
1.21359
1.21659
1.21906
1.22104
1.22259
1.22377
1.22464
1.22525
1.22561
1.22575
1.22567
1.22535
1.22479
1.22398
1.2229
1.22155
1.21994
1.2181
1.21607
1.21393
1.21175
1.20966
1.20776
1.20616
1.20495
1.20416
1.20381
1.2038
1.20399
1.20415
1.204
1.20322
1.20155
1.1988
1.19501
1.19058
1.18632
1.18336
1.18272
1.18487
1.18942
1.19539
1.20169
1.20751
1.21241
1.21628
1.2192
1.2213
1.22275
1.22367
1.22415
1.22428
1.22409
1.22362
1.22287
1.22186
1.22062
1.21918
1.2176
1.21595
1.21432
1.21281
1.2115
1.21045
1.20969
1.20922
1.20903
1.20909
1.20937
1.20986
1.21052
1.21134
1.21229
1.21335
1.21448
1.21563
1.21679
1.21791
1.21894
1.21985
1.22057
1.22104
1.2212
1.22099
1.22037
1.2193
1.21779
1.21589
1.21368
1.21126
1.20878
1.20637
1.20413
1.20215
1.20043
1.19893
1.19762
1.19644
1.1954
1.19454
1.19391
1.19361
1.1937
1.19421
1.19512
1.19638
1.1979
1.19958
1.20131
1.20301
1.20461
1.20603
1.20725
1.20823
1.20894
1.2094
1.20961
1.20958
1.20934
1.20891
1.20832
1.2076
1.20676
1.20584
1.20485
1.20379
1.2027
1.20159
1.20047
1.19937
1.1983
1.19727
1.1963
1.19536
1.19446
1.19357
1.19266
1.19171
1.19072
1.18968
1.1886
1.18751
1.18646
1.18551
1.18471
1.1841
1.18372
1.18357
1.18363
1.18386
1.18421
1.18459
1.18496
1.18525
1.1854
1.18537
1.1851
1.18456
1.1837
1.1825
1.18096
1.17912
1.1771
1.17507
1.17328
1.17203
1.17153
1.17189
1.17308
1.17491
1.1771
1.17938
1.18154
1.18342
1.18493
1.18602
1.18663
1.18671
1.18616
1.18482
1.18251
1.17902
1.17422
1.16818
1.16138
1.15482
1.14986
1.14772
1.14879
1.15247
1.15754
1.16281
1.16753
1.17141
1.17444
1.17674
1.17843
1.17963
1.18037
1.18069
1.18058
1.18006
1.17914
1.17791
1.17644
1.1749
1.17348
1.17235
1.1717
1.1716
1.17209
1.17308
1.17443
1.176
1.17762
1.17916
1.18054
1.18168
1.18254
1.18308
1.18327
1.18311
1.18256
1.18163
1.18034
1.17873
1.17689
1.17495
1.17305
1.17139
1.17011
1.16934
1.16917
1.16962
1.17064
1.17214
1.17398
1.17594
1.17782
1.17939
1.18045
1.18087
1.18054
1.17945
1.17765
1.17525
1.17243
1.16943
1.16655
1.16409
1.16232
1.16146
1.16159
1.16269
1.16463
1.16719
1.17011
1.17312
1.176
1.17857
1.1807
1.1823
1.18331
1.18371
1.1835
1.18269
1.18131
1.17942
1.17712
1.17454
1.17188
1.1694
1.16737
1.16605
1.16561
1.16611
1.16742
1.16931
1.17148
1.17366
1.17564
1.17727
1.17851
1.17938
1.17993
1.18023
1.18035
1.18036
1.18029
1.18012
1.17984
1.17939
1.1787
1.17771
1.17639
1.17469
1.17265
1.17031
1.16779
1.16523
1.16279
1.16067
1.15902
1.15794
1.15746
1.15754
1.15814
1.15924
1.16089
1.16313
1.16597
1.16932
1.17299
1.17675
1.18037
1.1837
1.18664
1.18915
1.19126
1.19297
1.19431
1.19527
1.19585
1.19602
1.19575
1.19498
1.19364
1.19165
1.1889
1.18528
1.1807
1.17514
1.16869
1.16165
1.15455
1.14818
1.14344
1.14115
1.14173
1.14507
1.15056
1.15726
1.16425
1.1708
1.17644
1.18096
1.18432
1.18661
1.18795
1.18848
1.18833
1.18765
1.18656
1.18518
1.18363
1.18202
1.18044
1.17894
1.17754
1.17621
1.17493
1.17363
1.17229
1.17093
1.16962
1.16847
1.16765
1.16732
1.16761
1.16857
1.17014
1.17215
1.1744
1.17665
1.17872
1.18048
1.18186
1.18287
1.18354
1.18396
1.18419
1.18429
1.18433
1.18433
1.18431
1.18426
1.18416
1.18402
1.18382
1.18356
1.18326
1.18291
1.18253
1.18211
1.18167
1.18118
1.18066
1.18009
1.17946
1.17876
1.17792
1.17686
1.17546
1.17363
1.17135
1.16872
1.16598
1.16353
1.16185
1.16134
1.1622
1.1644
1.16762
1.1714
1.17525
1.17869
1.1814
1.18317
1.18392
1.18368
1.18256
1.18075
1.17848
1.176
1.17356
1.17138
1.16962
1.16838
1.16767
1.16745
1.16762
1.16807
1.16873
1.16955
1.17049
1.17156
1.17275
1.174
1.17522
1.17624
1.1769
1.177
1.17633
1.17478
1.17232
1.16907
1.16537
1.16174
1.15883
1.15715
1.15691
1.15792
1.15965
1.16146
1.1628
1.16333
1.16297
1.16185
1.1603
1.1588
1.15777
1.15751
1.15801
1.15901
1.16007
1.16073
1.16065
1.15966
1.15782
1.15538
1.15277
1.15048
1.14898
1.14854
1.14917
1.15063
1.15254
1.15451
1.15623
1.15751
1.15828
1.15851
1.15823
1.1575
1.15637
1.1549
1.15318
1.15128
1.14931
1.14739
1.14565
1.1442
1.14314
1.14248
1.14223
1.14232
1.14264
1.14311
1.14365
1.1442
1.14473
1.14524
1.14574
1.14623
1.14673
1.14724
1.14775
1.14826
1.14875
1.14922
1.14965
1.15003
1.15035
1.15061
1.1508
1.15092
1.15096
1.15093
1.15082
1.15064
1.15041
1.15013
1.14983
1.14955
1.14931
1.14918
1.14919
1.1494
1.14983
1.1505
1.15143
1.15259
1.15396
1.15549
1.15714
1.15887
1.16065
1.16243
1.1642
1.16593
1.16761
1.16923
1.17076
1.17218
1.17347
1.17458
1.17545
1.176
1.17615
1.17577
1.17474
1.17292
1.17023
1.16666
1.16238
1.1578
1.1536
1.15063
1.14962
1.15088
1.1542
1.15889
1.16417
1.16932
1.1739
1.17769
1.18061
1.18273
1.18414
1.18499
1.18544
1.18564
1.18576
1.18595
1.18633
1.18699
1.18796
1.18925
1.19081
1.19256
1.19441
1.19627
1.19802
1.19959
1.20088
1.20183
1.20239
1.20252
1.20221
1.20146
1.20034
1.19888
1.19721
1.19542
1.19366
1.1921
1.19089
1.19017
1.19004
1.19054
1.19161
1.1931
1.19481
1.19651
1.19799
1.19908
1.19967
1.19974
1.19935
1.19861
1.19767
1.19669
1.19579
1.19503
1.19438
1.19382
1.1933
1.19284
1.19252
1.19249
1.19294
1.19399
1.19572
1.19805
1.20082
1.20381
1.20679
1.20956
1.21201
1.21408
1.21577
1.21713
1.21823
1.21913
1.21992
1.22064
1.22136
1.22208
1.22281
1.22356
1.2243
1.225
1.22562
1.22613
1.22647
1.22661
1.2265
1.22609
1.22537
1.22429
1.22285
1.22104
1.21885
1.21632
1.21346
1.21036
1.20708
1.20377
1.20058
1.19771
1.19534
1.19365
1.19274
1.19265
1.19331
1.19461
1.19636
1.1984
1.20057
1.20276
1.20488
1.20692
1.20886
1.21073
1.21254
1.21431
1.21603
1.21771
1.21934
1.22088
1.22234
1.22369
1.2249
1.22598
1.22691
1.22769
1.22834
1.22885
1.22926
1.22958
1.22984
1.23007
1.2303
1.23054
1.23083
1.23117
1.23158
1.23205
1.23257
1.23312
1.23368
1.2342
1.23463
1.23494
1.23506
1.23495
1.23456
1.23386
1.23281
1.23138
1.22955
1.22728
1.22454
1.22132
1.21769
1.21393
1.2106
1.20846
1.20825
1.21027
1.21423
1.21931
1.2246
1.22936
1.23324
1.23613
1.23815
1.23948
1.2403
1.24078
1.241
1.24102
1.24083
1.24039
1.2396
1.23839
1.23663
1.23427
1.23126
1.22766
1.22362
1.21939
1.21536
1.21191
1.20942
1.20811
1.20801
1.20899
1.21076
1.21301
1.21544
1.21781
1.21995
1.22177
1.22321
1.22428
1.225
1.22547
1.2258
1.22612
1.22657
1.22728
1.22834
1.2298
1.23165
1.23384
1.23626
1.2388
1.24131
1.24366
1.24573
1.24743
1.24869
1.24947
1.24975
1.24952
1.2488
1.24761
1.24599
1.24398
1.24166
1.23912
1.23648
1.23387
1.23144
1.22934
1.22769
1.2266
1.22611
1.22621
1.22685
1.22794
1.22936
1.23098
1.23269
1.23439
1.23598
1.23741
1.23861
1.23954
1.24018
1.24051
1.24048
1.24009
1.23932
1.23816
1.23662
1.23472
1.2325
1.23003
1.22739
1.22471
1.22215
1.21988
1.21811
1.21702
1.21675
1.21734
1.21876
1.22088
1.2235
1.22644
1.22953
