-0.413198
-0.413452
-0.413795
-0.41452
-0.415814
-0.417747
-0.420234
-0.423091
-0.426058
-0.428881
-0.431333
-0.433263
-0.434552
-0.435167
-0.435139
-0.434555
-0.433554
-0.432328
-0.431099
-0.430079
-0.42946
-0.429336
-0.429725
-0.430522
-0.431573
-0.432693
-0.433703
-0.434462
-0.43489
-0.434941
-0.434608
-0.433875
-0.432744
-0.431148
-0.429034
-0.426299
-0.422832
-0.418572
-0.413564
-0.408016
-0.402287
-0.396875
-0.392396
-0.389374
-0.388263
-0.389379
-0.392876
-0.398639
-0.406162
-0.414654
-0.423202
-0.431019
-0.437575
-0.44267
-0.446306
-0.448653
-0.449968
-0.450483
-0.450422
-0.449897
-0.448955
-0.447612
-0.445822
-0.443511
-0.440651
-0.437308
-0.433655
-0.430015
-0.426856
-0.424707
-0.424038
-0.425107
-0.427826
-0.431752
-0.436257
-0.44074
-0.444788
-0.44828
-0.451341
-0.454204
-0.457085
-0.460107
-0.463218
-0.466225
-0.46887
-0.470859
-0.471934
-0.471885
-0.470546
-0.467863
-0.463858
-0.458628
-0.452393
-0.445506
-0.438481
-0.431934
-0.426522
-0.422794
-0.421122
-0.421643
-0.424341
-0.428927
-0.434883
-0.441454
-0.447877
-0.453529
-0.458018
-0.461203
-0.463103
-0.463813
-0.463473
-0.462205
-0.460186
-0.45762
-0.454782
-0.452087
-0.449953
-0.448781
-0.448766
-0.449839
-0.451628
-0.453595
-0.455214
-0.456073
-0.456006
-0.455068
-0.453484
-0.45162
-0.449863
-0.44859
-0.448044
-0.448319
-0.44932
-0.450815
-0.452535
-0.454191
-0.455548
-0.456459
-0.456913
-0.456976
-0.456787
-0.456528
-0.456377
-0.456483
-0.45693
-0.457745
-0.458875
-0.460264
-0.461826
-0.463436
-0.464995
-0.466427
-0.467667
-0.468629
-0.469241
-0.469432
-0.469099
-0.468135
-0.466424
-0.463836
-0.46027
-0.45573
-0.450337
-0.444406
-0.438442
-0.433105
-0.429054
-0.426764
-0.426391
-0.427752
-0.43042
-0.433959
-0.438045
-0.442464
-0.446969
-0.451139
-0.454345
-0.4559
-0.455379
-0.452764
-0.44855
-0.443635
-0.43898
-0.435322
-0.432904
-0.431614
-0.431165
-0.43135
-0.43209
-0.433401
-0.435279
-0.437688
-0.440483
-0.443454
-0.446388
-0.449043
-0.451199
-0.452706
-0.453444
-0.453428
-0.452736
-0.451597
-0.450387
-0.44952
-0.449416
-0.450394
-0.452512
-0.455594
-0.459238
-0.462965
-0.466336
-0.469023
-0.470827
-0.471682
-0.471653
-0.47082
-0.469283
-0.467166
-0.464562
-0.461511
-0.458021
-0.454017
-0.449342
-0.443775
-0.43702
-0.428819
-0.419005
-0.407806
-0.39596
-0.384835
-0.376132
-0.371099
-0.369841
-0.371291
-0.373888
-0.376442
-0.378557
-0.380566
-0.383125
-0.386859
-0.391929
-0.398082
-0.404741
-0.411205
-0.416913
-0.421478
-0.424736
-0.426739
-0.427587
-0.427454
-0.426531
-0.425001
-0.423013
-0.420719
-0.418202
-0.415539
-0.412795
-0.409996
-0.407148
-0.404236
-0.401246
-0.398148
-0.394914
-0.39154
-0.388036
-0.384469
-0.380958
-0.377674
-0.374809
-0.372588
-0.371176
-0.370659
-0.371005
-0.372077
-0.373681
-0.375599
-0.377615
-0.379548
-0.381303
-0.382797
-0.383999
-0.384909
-0.385525
-0.385863
-0.385946
-0.38578
-0.385335
-0.38461
-0.383587
-0.382268
-0.380632
-0.378745
-0.376689
-0.374632
-0.37276
-0.37127
-0.370305
-0.369957
-0.370167
-0.37077
-0.371588
-0.372371
-0.372924
-0.373136
-0.372938
-0.372373
-0.371507
-0.370434
-0.369292
-0.368182
-0.367203
-0.366435
-0.365929
-0.365743
-0.36591
-0.36645
-0.367292
-0.368287
-0.369203
-0.369757
-0.369702
-0.368911
-0.367459
-0.365696
-0.364184
-0.363565
-0.364287
-0.366456
-0.369735
-0.373578
-0.377376
-0.380653
-0.383139
-0.384773
-0.38561
-0.385757
-0.385381
-0.384631
-0.383646
-0.382528
-0.381381
-0.380251
-0.379193
-0.378224
-0.377363
-0.376626
-0.375992
-0.375456
-0.375014
-0.374659
-0.374373
-0.374162
-0.374004
-0.373903
-0.373836
-0.373784
-0.373759
-0.373774
-0.373925
-0.374356
-0.375243
-0.376764
-0.379027
-0.382037
-0.385641
-0.389548
-0.393413
-0.396915
-0.399785
-0.401844
-0.403054
-0.403475
-0.403255
-0.402634
-0.401911
-0.401333
-0.401132
-0.401425
-0.402225
-0.403423
-0.404843
-0.406289
-0.407532
-0.408411
-0.408762
-0.408509
-0.407625
-0.406125
-0.404067
-0.401564
-0.398763
-0.395776
-0.392776
-0.389873
-0.387173
-0.384737
-0.382636
-0.380953
-0.379817
-0.379424
-0.380038
-0.381844
-0.384932
-0.389186
-0.39434
-0.399995
-0.405732
-0.411191
-0.416128
-0.4204
-0.423991
-0.426923
-0.429346
-0.43134
-0.433042
-0.434531
-0.435902
-0.437186
-0.43835
-0.43935
-0.440063
-0.440322
-0.43991
-0.438612
-0.436201
-0.432503
-0.427525
-0.42151
-0.415039
-0.408947
-0.404209
-0.401691
-0.401914
-0.404879
-0.410172
-0.417039
-0.424613
-0.432054
-0.438709
-0.444138
-0.448062
-0.450378
-0.451057
-0.450132
-0.447692
-0.443856
-0.438823
-0.432822
-0.426085
-0.418879
-0.41147
-0.404174
-0.397372
-0.39153
-0.387052
-0.384168
-0.382784
-0.38252
-0.383002
-0.384274
-0.386927
-0.391842
-0.399519
-0.409602
-0.421037
-0.432574
-0.443277
-0.452643
-0.460503
-0.466745
-0.47122
-0.473677
-0.47386
-0.471596
-0.466995
-0.460663
-0.453802
-0.44811
-0.445209
-0.445996
-0.450136
-0.456337
-0.463083
-0.469142
-0.47382
-0.476894
-0.478416
-0.478577
-0.477637
-0.475846
-0.473436
-0.470609
-0.467535
-0.464243
-0.460649
-0.456515
-0.451657
-0.446168
-0.440883
-0.437524
-0.438263
-0.444411
-0.455403
-0.468914
-0.482163
-0.493126
-0.50084
-0.505189
-0.506525
-0.505334
-0.502117
-0.497369
-0.491544
-0.485059
-0.478296
-0.471605
-0.465254
-0.459448
-0.454301
-0.449849
-0.446072
-0.442927
-0.44038
-0.438416
-0.437083
-0.436409
-0.436449
-0.437211
-0.438693
-0.440831
-0.443537
-0.446676
-0.450081
-0.453531
-0.456833
-0.459781
-0.462242
-0.464108
-0.465354
-0.465969
-0.465984
-0.465474
-0.464479
-0.463068
-0.461287
-0.459159
-0.456707
-0.453927
-0.450818
-0.447346
-0.443505
-0.439252
-0.434569
-0.429422
-0.423822
-0.417795
-0.41145
-0.404964
-0.39862
-0.392792
-0.387928
-0.384401
-0.382415
-0.381961
-0.382824
-0.384619
-0.386971
-0.389571
-0.39221
-0.394759
-0.397192
-0.399505
-0.401683
-0.403731
-0.405596
-0.407246
-0.408603
-0.409614
-0.410204
-0.410306
-0.409898
-0.408876
-0.407207
-0.404827
-0.401711
-0.397873
-0.393388
-0.388431
-0.383319
-0.378522
-0.3746
-0.372126
-0.371469
-0.372704
-0.37556
-0.379548
-0.384092
-0.388679
-0.392928
-0.396615
-0.399628
-0.401977
-0.403661
-0.404696
-0.405098
-0.404899
-0.404125
-0.402807
-0.40103
-0.39897
-0.396879
-0.395057
-0.393852
-0.3935
-0.394097
-0.395537
-0.397508
-0.399614
-0.401367
-0.402342
-0.402172
-0.400595
-0.397439
-0.39269
-0.386594
-0.379715
-0.372952
-0.367406
-0.36397
-0.362953
-0.363918
-0.36593
-0.368037
-0.369701
-0.370958
-0.37232
-0.374529
-0.378161
-0.383393
-0.389954
-0.397248
-0.404556
-0.411289
-0.417055
-0.421678
-0.425149
-0.427557
-0.429057
-0.429804
-0.429944
-0.429562
-0.428719
-0.42741
-0.425544
-0.422998
-0.419613
-0.415268
-0.409887
-0.403552
-0.396494
-0.389111
-0.381915
-0.375418
-0.370061
-0.366069
-0.363532
-0.362464
-0.362981
-0.365181
-0.369195
-0.374969
-0.382222
-0.390434
-0.399014
-0.4074
-0.415148
-0.421999
-0.427845
-0.432685
-0.436578
-0.439613
-0.441921
-0.443601
-0.444775
-0.445526
-0.445951
-0.446114
-0.446075
-0.445873
-0.445529
-0.445063
-0.444436
-0.443628
-0.442588
-0.441247
-0.439509
-0.437296
-0.434505
-0.431061
-0.426868
-0.421901
-0.416115
-0.409618
-0.402554
-0.395219
-0.388025
-0.381523
-0.376311
-0.372966
-0.371887
-0.373214
-0.376809
-0.38228
-0.389074
-0.396631
-0.40443
-0.412096
-0.419361
-0.42608
-0.432193
-0.437722
-0.442688
-0.447127
-0.451108
-0.454663
-0.457848
-0.460677
-0.463198
-0.465453
-0.467431
-0.469158
-0.47063
-0.471843
-0.472765
-0.47337
-0.473614
-0.473444
-0.472805
-0.471619
-0.469809
-0.467291
-0.464001
-0.459949
-0.455244
-0.450323
-0.44589
-0.442937
-0.442392
-0.444694
-0.449516
-0.455833
-0.462312
-0.467754
-0.471349
-0.472716
-0.47185
-0.469021
-0.464755
-0.459753
-0.454755
-0.450415
-0.447111
-0.444926
-0.443613
-0.442824
-0.442194
-0.441489
-0.440595
-0.439518
-0.438311
-0.437058
-0.435813
-0.434683
-0.43382
-0.433399
-0.433554
-0.434267
-0.435302
-0.436245
-0.436659
-0.436239
-0.434953
-0.43309
-0.431231
-0.430138
-0.430551
-0.432915
-0.437169
-0.442781
-0.448878
-0.454648
-0.459479
-0.463071
-0.465371
-0.466455
-0.466524
-0.465807
-0.464543
-0.462951
-0.461248
-0.459593
-0.458038
-0.456535
-0.454952
-0.45306
-0.450617
-0.447423
-0.443358
-0.438455
-0.432959
-0.427258
-0.421775
-0.416902
-0.41281
-0.409442
-0.406634
-0.404222
-0.402149
-0.400523
-0.399483
-0.399144
-0.399499
-0.400426
-0.40165
-0.402909
-0.40395
-0.404589
-0.404692
-0.404183
-0.403012
-0.40116
-0.39863
-0.395446
-0.391735
-0.387664
-0.383523
-0.379619
-0.376329
-0.373955
-0.372693
-0.372515
-0.373246
-0.374565
-0.376144
-0.377689
-0.379087
-0.380355
-0.381641
-0.383153
-0.385023
-0.387307
-0.389933
-0.392698
-0.395418
-0.397868
-0.399921
-0.401484
-0.402519
-0.403042
-0.403071
-0.40263
-0.401736
-0.400389
-0.398581
-0.396281
-0.393483
-0.390141
-0.386273
-0.381938
-0.377251
-0.372424
-0.367786
-0.363708
-0.360575
-0.358693
-0.358204
-0.358975
-0.360642
-0.362631
-0.364223
-0.364665
-0.36335
-0.359972
-0.354863
-0.349231
-0.345065
-0.344429
-0.348338
-0.356056
-0.365573
-0.374567
-0.381358
-0.385035
-0.385283
-0.382169
-0.376061
-0.367609
-0.358017
-0.348967
-0.342425
-0.340025
-0.342436
-0.348996
-0.358076
-0.367808
-0.376633
-0.383569
-0.38815
-0.390216
-0.389803
-0.387056
-0.38224
-0.375845
-0.368714
-0.362037
-0.35718
-0.355281
-0.356786
-0.361314
-0.36786
-0.375277
-0.382624
-0.38927
-0.394921
-0.39946
-0.402884
-0.405269
-0.406669
-0.407157
-0.406788
-0.405591
-0.403584
-0.400834
-0.397475
-0.393746
-0.390083
-0.387056
-0.385254
-0.385177
-0.38699
-0.390473
-0.395097
-0.400223
-0.405287
-0.409864
-0.41374
-0.416817
-0.419109
-0.420656
-0.421526
-0.421771
-0.421412
-0.420499
-0.419039
-0.41705
-0.414555
-0.411618
-0.408343
-0.404883
-0.401451
-0.398268
-0.395553
-0.393518
-0.39226
-0.391812
-0.392137
-0.393165
-0.394782
-0.396869
-0.399303
-0.401957
-0.404725
-0.407504
-0.410213
-0.412759
-0.41511
-0.417199
-0.418953
-0.420281
-0.421055
-0.421103
-0.420265
-0.418404
-0.415455
-0.411484
-0.406662
-0.40131
-0.395754
-0.390292
-0.385099
-0.380267
-0.375921
-0.372228
-0.369423
-0.367599
-0.366759
-0.36679
-0.367563
-0.369016
-0.371105
-0.373741
-0.376795
-0.380042
-0.383263
-0.386296
-0.389052
-0.391481
-0.393617
-0.395453
-0.397005
-0.398243
-0.399114
-0.399563
-0.399545
-0.398986
-0.397792
-0.395856
-0.393044
-0.389254
-0.384447
-0.378778
-0.372674
-0.366854
-0.362221
-0.35961
-0.359462
-0.361671
-0.365645
-0.3706
-0.375746
-0.380548
-0.384697
-0.388085
-0.390703
-0.392592
-0.393871
-0.394593
-0.394873
-0.394791
-0.394428
-0.393848
-0.393159
-0.392383
-0.391581
-0.390779
-0.389993
-0.389191
-0.388324
-0.387343
-0.386159
-0.384679
-0.382842
-0.380588
-0.377919
-0.374883
-0.371665
-0.36853
-0.365864
-0.364112
-0.3637
-0.36488
-0.367684
-0.371816
-0.376774
-0.381958
-0.386763
-0.390686
-0.393352
-0.394548
-0.394163
-0.392226
-0.388868
-0.384368
-0.37913
-0.373694
-0.368658
-0.364552
-0.361757
-0.360443
-0.360574
-0.361941
-0.364234
-0.367079
-0.370077
-0.372869
-0.375141
-0.37661
-0.3771
-0.376497
-0.374858
-0.372383
-0.369471
-0.366713
-0.364759
-0.364157
-0.365154
-0.367643
-0.371157
-0.375132
-0.378995
-0.382319
-0.38484
-0.38648
-0.38725
-0.387212
-0.386479
-0.385172
-0.383393
-0.381233
-0.378748
-0.375964
-0.37285
-0.369375
-0.365449
-0.361028
-0.356136
-0.35091
-0.345695
-0.341001
-0.337453
-0.335568
-0.335586
-0.337397
-0.340521
-0.344303
-0.348177
-0.351715
-0.354682
-0.357014
-0.358733
-0.359931
-0.360725
-0.361199
-0.361459
-0.36158
-0.361629
-0.361658
-0.361713
-0.361826
-0.362004
-0.362233
-0.362512
-0.362807
-0.363119
-0.363433
-0.363739
-0.364067
-0.364421
-0.364788
-0.365157
-0.365516
-0.365816
-0.365975
-0.365941
-0.365658
-0.365101
-0.364253
-0.363176
-0.361943
-0.360673
-0.359522
-0.358647
-0.35816
-0.358167
-0.358705
-0.359755
-0.361217
-0.362957
-0.364792
-0.366569
-0.36813
-0.369331
-0.370077
-0.370288
-0.369957
-0.36909
-0.367781
-0.366178
-0.364503
-0.36299
-0.361906
-0.361467
-0.36177
-0.362798
-0.36444
-0.366435
-0.368543
-0.370451
-0.371901
-0.372658
-0.372557
-0.371515
-0.369555
-0.366846
-0.363693
-0.360572
-0.357968
-0.356357
-0.356027
-0.357011
-0.359018
-0.361573
-0.364073
-0.365941
-0.366678
-0.366006
-0.363826
-0.360349
-0.356017
-0.35154
-0.347749
-0.345402
-0.344928
-0.346239
-0.348729
-0.351452
-0.353363
-0.353679
-0.352031
-0.348593
-0.343976
-0.33913
-0.335059
-0.332561
-0.332083
-0.333604
-0.336785
-0.341154
-0.346182
-0.35141
-0.35642
-0.360952
-0.36481
-0.367912
-0.370267
-0.371937
-0.373048
-0.373706
-0.37405
-0.37416
-0.374115
-0.373933
-0.373624
-0.373148
-0.372473
-0.371552
-0.370333
-0.368758
-0.366818
-0.364503
-0.361846
-0.358938
-0.35591
-0.352991
-0.350447
-0.348575
-0.347661
-0.347884
-0.349247
-0.351612
-0.3547
-0.358121
-0.361511
-0.364529
-0.366918
-0.368475
-0.369064
-0.36861
-0.367079
-0.364466
-0.360896
-0.356526
-0.351634
-0.346594
-0.341789
-0.337565
-0.33415
-0.331614
-0.329878
-0.328841
-0.328343
-0.328395
-0.329067
-0.330533
-0.332981
-0.336507
-0.341071
-0.346418
-0.352161
-0.357888
-0.363248
-0.368019
-0.37213
-0.375632
-0.378668
-0.38139
-0.383918
-0.386355
-0.388711
-0.390964
-0.393019
-0.394766
-0.396087
-0.39684
-0.396862
-0.396027
-0.394243
-0.391494
-0.387931
-0.383901
-0.379973
-0.376872
-0.375268
-0.375525
-0.377542
-0.380808
-0.384593
-0.388229
-0.391273
-0.393568
-0.395169
-0.396254
-0.397058
-0.397716
-0.398268
-0.398651
-0.398696
-0.398241
-0.397126
-0.395287
-0.392749
-0.389674
-0.386295
-0.38291
-0.37981
-0.377265
-0.375407
-0.374307
-0.373952
-0.374295
-0.375223
-0.376635
-0.378411
-0.38046
-0.382726
-0.385179
-0.387859
-0.390741
-0.393824
-0.397002
-0.400163
-0.403096
-0.405641
-0.407665
-0.40907
-0.409886
-0.410241
-0.410399
-0.410702
-0.411522
-0.413175
-0.415801
-0.419325
-0.423453
-0.427796
-0.431969
-0.43559
-0.438425
-0.440328
-0.441254
-0.441195
-0.440229
-0.438487
-0.436147
-0.433469
-0.430758
-0.428343
-0.426512
-0.425466
-0.425282
-0.425873
-0.427073
-0.428661
-0.430425
-0.432212
-0.433926
-0.435493
-0.436888
-0.438086
-0.439088
-0.439856
-0.440354
-0.440555
-0.440403
-0.439892
-0.439047
-0.437922
-0.436662
-0.435441
-0.434518
-0.434134
-0.434494
-0.43569
-0.437712
-0.440388
-0.443428
-0.446472
-0.449141
-0.451057
-0.451908
-0.451421
-0.44939
-0.445665
-0.44024
-0.433271
-0.425132
-0.416493
-0.408208
-0.401258
-0.396374
-0.393876
-0.393623
-0.395091
-0.397649
-0.400742
-0.40398
-0.407158
-0.410215
-0.413118
-0.41589
-0.418538
-0.421003
-0.423196
-0.424999
-0.426277
-0.426943
-0.426941
-0.426288
-0.42505
-0.423362
-0.421401
-0.419301
-0.417175
-0.415055
-0.412913
-0.410616
-0.408024
-0.404979
-0.4014
-0.397322
-0.392937
-0.388602
-0.38479
-0.382006
-0.380707
-0.381121
-0.383269
-0.386888
-0.391549
-0.396755
-0.402081
-0.407147
-0.411721
-0.41564
-0.418857
-0.421334
-0.42309
-0.424146
-0.424506
-0.424176
-0.423134
-0.421416
-0.419064
-0.416226
-0.413086
-0.409955
-0.407165
-0.40507
-0.403902
-0.403729
-0.404433
-0.40572
-0.407252
-0.408708
-0.40988
-0.410628
-0.410925
-0.410851
-0.410535
-0.410123
-0.409765
-0.409623
-0.40977
-0.41022
-0.410969
-0.411923
-0.412964
-0.413956
-0.41477
-0.415244
-0.415219
-0.414522
-0.412935
-0.410276
-0.406366
-0.401215
-0.395052
-0.388503
-0.382579
-0.37843
-0.376939
-0.378282
-0.381828
-0.386494
-0.391156
-0.395053
-0.397779
-0.399307
-0.399801
-0.399522
-0.398794
-0.397908
-0.397135
-0.396662
-0.39659
-0.39691
-0.39747
-0.398024
-0.398223
-0.397635
-0.395874
-0.392606
-0.387787
-0.381826
-0.37569
-0.370799
-0.368571
-0.369735
-0.373941
-0.379958
-0.386292
-0.391757
-0.395676
-0.397826
-0.398332
-0.397457
-0.395568
-0.393068
-0.390365
-0.387837
-0.385842
-0.384608
-0.384206
-0.384559
-0.385468
-0.386658
-0.38784
-0.388816
-0.389456
-0.389718
-0.389617
-0.389228
-0.388627
-0.387911
-0.38714
-0.386361
-0.385597
-0.384813
-0.383975
-0.382985
-0.381678
-0.379867
-0.377241
-0.373542
-0.368551
-0.362358
-0.355529
-0.349282
-0.34528
-0.344953
-0.34874
-0.355796
-0.364457
-0.373024
-0.380357
-0.385915
-0.389666
-0.391807
-0.392619
-0.392399
-0.391372
-0.389774
-0.387769
-0.38555
-0.383294
-0.381208
-0.379467
-0.378289
-0.377822
-0.378195
-0.379484
-0.381674
-0.384674
-0.388322
-0.392435
-0.396809
-0.401242
-0.405549
-0.409589
-0.413249
-0.416475
-0.419198
-0.421407
-0.423087
-0.42424
-0.424888
-0.425082
-0.424819
-0.424131
-0.423005
-0.421399
-0.419208
-0.416365
-0.412747
-0.408272
-0.402968
-0.396995
-0.390644
-0.384359
-0.378718
-0.374294
-0.371626
-0.371081
-0.372782
-0.376603
-0.382141
-0.388814
-0.396008
-0.403096
-0.40962
-0.415262
-0.419867
-0.423447
-0.426121
-0.428115
-0.429676
-0.431092
-0.432566
-0.434255
-0.436207
-0.438384
-0.440631
-0.44274
-0.4445
-0.445733
-0.44633
-0.446205
-0.445326
-0.443712
-0.441359
-0.438306
-0.434579
-0.430215
-0.425249
-0.419827
-0.4142
-0.408711
-0.403859
-0.400188
-0.398204
-0.398277
-0.400434
-0.404418
-0.409731
-0.415773
-0.421962
-0.427833
-0.433081
-0.43758
-0.441288
-0.444262
-0.446592
-0.448366
-0.449667
-0.450567
-0.451121
-0.451331
-0.451205
-0.450735
-0.449895
-0.448673
-0.447051
-0.445026
-0.442612
-0.439847
-0.436806
-0.433595
-0.430344
-0.427199
-0.424351
-0.421947
-0.420128
-0.418954
-0.418421
-0.418408
-0.418684
-0.41892
-0.418687
-0.417525
-0.415021
-0.410896
-0.405218
-0.398573
-0.392179
-0.387729
-0.386785
-0.390002
-0.396831
-0.405787
-0.415238
-0.423966
-0.431325
-0.437131
-0.441507
-0.444655
-0.446819
-0.448195
-0.448921
-0.449103
-0.448819
-0.448104
-0.446976
-0.445471
-0.443608
-0.441443
-0.439064
-0.436597
-0.434162
-0.431894
-0.429933
-0.428357
-0.42722
-0.42652
-0.426237
-0.426322
-0.426746
-0.427473
-0.428474
-0.429708
-0.431143
-0.43272
-0.43441
-0.436141
-0.437875
-0.439554
-0.4411
-0.442456
-0.44353
-0.444237
-0.444472
-0.444153
-0.443213
-0.441616
-0.439357
-0.436513
-0.433185
-0.429555
-0.42583
-0.422212
-0.418861
-0.415902
-0.413324
-0.411078
-0.409108
-0.407348
-0.405784
-0.404472
-0.40353
-0.403086
-0.403223
-0.403985
-0.405356
-0.407246
-0.409523
-0.412038
-0.414636
-0.417193
-0.41959
-0.421733
-0.423556
-0.425019
-0.426102
-0.426794
-0.427104
-0.427075
-0.426713
-0.426065
-0.425178
-0.424094
-0.422835
-0.421446
-0.419949
-0.418377
-0.416739
-0.415066
-0.413382
-0.411742
-0.410142
-0.408607
-0.407146
-0.405742
-0.404395
-0.403054
-0.401697
-0.400269
-0.398782
-0.397212
-0.395591
-0.393962
-0.392388
-0.390956
-0.38975
-0.388834
-0.38826
-0.388034
-0.388132
-0.388479
-0.388991
-0.389576
-0.390127
-0.390552
-0.390785
-0.390733
-0.390342
-0.389526
-0.388231
-0.38643
-0.38412
-0.381359
-0.378324
-0.375271
-0.372606
-0.370718
-0.369974
-0.370528
-0.37231
-0.375041
-0.378334
-0.381757
-0.384994
-0.387813
-0.390079
-0.391708
-0.392629
-0.392748
-0.391919
-0.389922
-0.386456
-0.381219
-0.374019
-0.364961
-0.354765
-0.344935
-0.3375
-0.334284
-0.335892
-0.341409
-0.349005
-0.356913
-0.363989
-0.369808
-0.374361
-0.377798
-0.380349
-0.382147
-0.383257
-0.383732
-0.383576
-0.38279
-0.381419
-0.379562
-0.377372
-0.375075
-0.372942
-0.371253
-0.370269
-0.370131
-0.370853
-0.372339
-0.374373
-0.376722
-0.379145
-0.381455
-0.383526
-0.385227
-0.386508
-0.387321
-0.387623
-0.387374
-0.386556
-0.385165
-0.383217
-0.380804
-0.378045
-0.375126
-0.3723
-0.369805
-0.367878
-0.366721
-0.366463
-0.367139
-0.36867
-0.370934
-0.373689
-0.376633
-0.379449
-0.381806
-0.383398
-0.384016
-0.383521
-0.381895
-0.379196
-0.375593
-0.371363
-0.366879
-0.362555
-0.358856
-0.356199
-0.354895
-0.355087
-0.356739
-0.359654
-0.363485
-0.367858
-0.372376
-0.376701
-0.380551
-0.383746
-0.386146
-0.387671
-0.388265
-0.38796
-0.386741
-0.38467
-0.381834
-0.378373
-0.3745
-0.370518
-0.366799
-0.363745
-0.361768
-0.361119
-0.361861
-0.363833
-0.366658
-0.369921
-0.373194
-0.37616
-0.378608
-0.380475
-0.381776
-0.382588
-0.383045
-0.383234
-0.383259
-0.383147
-0.382911
-0.382483
-0.381798
-0.380757
-0.379282
-0.377281
-0.374747
-0.371684
-0.368183
-0.364396
-0.360542
-0.356889
-0.353704
-0.351238
-0.349613
-0.348896
-0.349019
-0.349925
-0.351573
-0.35405
-0.357418
-0.361669
-0.366696
-0.372207
-0.377841
-0.383275
-0.388265
-0.392673
-0.396453
-0.399619
-0.402184
-0.404184
-0.405633
-0.406489
-0.406751
-0.406343
-0.405187
-0.40319
-0.400201
-0.396069
-0.390647
-0.383771
-0.375433
-0.36576
-0.355188
-0.34454
-0.334986
-0.327878
-0.324435
-0.325306
-0.330324
-0.338544
-0.348602
-0.359089
-0.368912
-0.377371
-0.384146
-0.389206
-0.392635
-0.394637
-0.395431
-0.395211
-0.394187
-0.392551
-0.390484
-0.388162
-0.385761
-0.383391
-0.381132
-0.379027
-0.377037
-0.3751
-0.373164
-0.371154
-0.369111
-0.367129
-0.36541
-0.364179
-0.363693
-0.364133
-0.365573
-0.367919
-0.370938
-0.374305
-0.377692
-0.38079
-0.383426
-0.385503
-0.387012
-0.38803
-0.388638
-0.388978
-0.389141
-0.389199
-0.389193
-0.389157
-0.389068
-0.388933
-0.388728
-0.388431
-0.388049
-0.387599
-0.387082
-0.38652
-0.385897
-0.385222
-0.384499
-0.383719
-0.382866
-0.381933
-0.380882
-0.379628
-0.378034
-0.375934
-0.373195
-0.369778
-0.365814
-0.361702
-0.358039
-0.355514
-0.35475
-0.356042
-0.359334
-0.364168
-0.369844
-0.375612
-0.380785
-0.384849
-0.387498
-0.388616
-0.388261
-0.386582
-0.383879
-0.38047
-0.376741
-0.373077
-0.369798
-0.367172
-0.365304
-0.364239
-0.36391
-0.364152
-0.364833
-0.365823
-0.367049
-0.368458
-0.370064
-0.371852
-0.373725
-0.375552
-0.377098
-0.37809
-0.378241
-0.377249
-0.37492
-0.371228
-0.366355
-0.360807
-0.35536
-0.350987
-0.348463
-0.348107
-0.349619
-0.35221
-0.354926
-0.356942
-0.357746
-0.357198
-0.355513
-0.353199
-0.350934
-0.349395
-0.348997
-0.349747
-0.351246
-0.352834
-0.353825
-0.353701
-0.352208
-0.349443
-0.34579
-0.341872
-0.338447
-0.336201
-0.335544
-0.33648
-0.33867
-0.34153
-0.344475
-0.347054
-0.348979
-0.350119
-0.350456
-0.350039
-0.348929
-0.347232
-0.345028
-0.342441
-0.339606
-0.336646
-0.333774
-0.331165
-0.328997
-0.327382
-0.326407
-0.326022
-0.326146
-0.326639
-0.327354
-0.32816
-0.328991
-0.329786
-0.330555
-0.331298
-0.332043
-0.332787
-0.333542
-0.334306
-0.335058
-0.335804
-0.336502
-0.337151
-0.337717
-0.338204
-0.338592
-0.338883
-0.339057
-0.339119
-0.339067
-0.338911
-0.338639
-0.338287
-0.337873
-0.337426
-0.337007
-0.336658
-0.33647
-0.336496
-0.336797
-0.337444
-0.338464
-0.339848
-0.341597
-0.34366
-0.345948
-0.348423
-0.351021
-0.353685
-0.356356
-0.358997
-0.361596
-0.364122
-0.366548
-0.368851
-0.370985
-0.372916
-0.374578
-0.375885
-0.376715
-0.376937
-0.376374
-0.374836
-0.372112
-0.368074
-0.362711
-0.356291
-0.349426
-0.343134
-0.338673
-0.337154
-0.339051
-0.344025
-0.351061
-0.358972
-0.366701
-0.373572
-0.379242
-0.38363
-0.386799
-0.388923
-0.390192
-0.39085
-0.391158
-0.391349
-0.391642
-0.392219
-0.393207
-0.394669
-0.396596
-0.398927
-0.401544
-0.40432
-0.407101
-0.409732
-0.412076
-0.414013
-0.415434
-0.416268
-0.416459
-0.415987
-0.414879
-0.41318
-0.411
-0.408482
-0.405802
-0.403163
-0.400824
-0.399007
-0.397924
-0.39774
-0.398485
-0.400091
-0.402325
-0.404895
-0.407448
-0.409661
-0.411292
-0.412177
-0.41229
-0.411708
-0.410596
-0.409186
-0.407717
-0.406371
-0.405219
-0.404246
-0.403402
-0.402625
-0.40193
-0.401455
-0.401414
-0.402094
-0.403683
-0.40627
-0.409759
-0.413911
-0.418403
-0.42287
-0.427027
-0.430698
-0.433799
-0.436334
-0.43837
-0.440014
-0.441355
-0.442545
-0.443638
-0.444702
-0.445781
-0.446892
-0.448015
-0.449121
-0.450171
-0.451117
-0.451864
-0.452376
-0.45258
-0.452413
-0.451809
-0.450727
-0.449108
-0.446944
-0.444214
-0.440941
-0.43714
-0.432855
-0.428194
-0.423283
-0.41832
-0.413538
-0.409225
-0.405674
-0.403139
-0.40177
-0.401625
-0.40263
-0.404576
-0.407223
-0.410283
-0.413546
-0.416817
-0.419998
-0.423053
-0.425973
-0.428778
-0.431491
-0.434132
-0.436721
-0.439237
-0.441668
-0.443989
-0.446173
-0.448186
-0.450004
-0.451622
-0.453026
-0.454192
-0.455144
-0.455923
-0.456529
-0.457011
-0.457399
-0.457744
-0.458084
-0.458459
-0.458884
-0.459397
-0.460018
-0.460718
-0.461503
-0.462332
-0.463163
-0.463933
-0.464587
-0.46504
-0.465227
-0.465062
-0.464477
-0.463423
-0.461845
-0.459705
-0.456961
-0.453556
-0.449449
-0.444611
-0.43917
-0.433534
-0.428533
-0.425329
-0.425006
-0.428037
-0.433968
-0.441582
-0.449521
-0.456682
-0.462485
-0.466819
-0.469855
-0.471845
-0.473081
-0.47379
-0.474115
-0.474143
-0.473872
-0.473214
-0.472044
-0.470214
-0.467581
-0.464035
-0.459529
-0.45412
-0.448051
-0.44172
-0.435663
-0.430494
-0.426754
-0.424791
-0.424649
-0.426116
-0.428778
-0.432143
-0.435786
-0.439328
-0.442547
-0.445273
-0.447435
-0.449046
-0.450134
-0.450833
-0.451314
-0.451794
-0.452466
-0.453525
-0.455119
-0.457301
-0.46007
-0.463355
-0.46699
-0.470801
-0.474573
-0.478094
-0.481202
-0.483746
-0.48563
-0.486791
-0.487202
-0.48688
-0.485795
-0.484009
-0.481569
-0.478568
-0.475098
-0.471285
-0.467317
-0.463408
-0.459766
-0.456622
-0.454156
-0.452522
-0.451791
-0.451945
-0.452913
-0.454552
-0.456686
-0.459122
-0.461687
-0.464234
-0.466612
-0.468755
-0.470552
-0.471956
-0.47292
-0.473389
-0.473369
-0.472781
-0.471635
-0.469891
-0.467591
-0.464739
-0.461406
-0.457689
-0.453729
-0.44971
-0.445868
-0.442471
-0.439809
-0.438169
-0.437762
-0.438656
-0.440785
-0.443956
-0.447899
-0.452311
-0.45694
