1.80044
1.80069
1.80104
1.80176
1.80306
1.80499
1.80748
1.81034
1.81332
1.81615
1.81861
1.82053
1.82183
1.82245
1.82242
1.82183
1.82082
1.81959
1.81835
1.81733
1.81671
1.81659
1.81698
1.81777
1.81882
1.81994
1.82095
1.82171
1.82214
1.8222
1.82186
1.82113
1.82
1.81842
1.81631
1.81358
1.81012
1.80587
1.80087
1.79531
1.78957
1.78418
1.7797
1.77669
1.77557
1.77668
1.78017
1.78593
1.79345
1.80194
1.81049
1.81831
1.82487
1.82996
1.83359
1.83595
1.83726
1.83778
1.83771
1.83718
1.83625
1.83492
1.83312
1.83081
1.82795
1.8246
1.82095
1.81731
1.81415
1.812
1.81133
1.81241
1.81512
1.81905
1.82355
1.82803
1.83208
1.83558
1.83864
1.8415
1.84439
1.84742
1.85052
1.85352
1.85616
1.85816
1.85924
1.85918
1.85785
1.85517
1.85116
1.84593
1.8397
1.83281
1.82578
1.81923
1.81382
1.8101
1.80842
1.80895
1.81164
1.81623
1.82219
1.82876
1.83518
1.84083
1.84532
1.84851
1.8504
1.85111
1.85077
1.8495
1.84748
1.84491
1.84209
1.83939
1.83726
1.83609
1.83608
1.83715
1.83894
1.84091
1.84252
1.84339
1.84333
1.84238
1.8408
1.83893
1.83718
1.83591
1.83537
1.83564
1.83663
1.83813
1.83985
1.8415
1.84285
1.84377
1.84423
1.84429
1.84411
1.84385
1.8437
1.84381
1.84425
1.84507
1.84621
1.8476
1.84916
1.85077
1.85233
1.85377
1.855
1.85596
1.85657
1.85676
1.85643
1.85547
1.85376
1.85117
1.84761
1.84307
1.83767
1.83174
1.82578
1.82045
1.81639
1.8141
1.81373
1.81508
1.81776
1.82129
1.82538
1.82979
1.8343
1.83847
1.84167
1.84324
1.84272
1.8401
1.83589
1.83097
1.82632
1.82265
1.82024
1.81894
1.8185
1.81869
1.81943
1.82072
1.8226
1.825
1.82779
1.83077
1.8337
1.83635
1.83851
1.84002
1.84076
1.84074
1.84005
1.83892
1.8377
1.83683
1.83673
1.8377
1.83982
1.8429
1.84655
1.85028
1.85365
1.85633
1.85814
1.859
1.85897
1.85812
1.85658
1.85446
1.85185
1.8488
1.84531
1.84131
1.83664
1.83106
1.82431
1.8161
1.8063
1.7951
1.78326
1.77214
1.76344
1.7584
1.75714
1.75858
1.76118
1.76373
1.76585
1.76786
1.77043
1.77416
1.77923
1.78539
1.79204
1.79851
1.80422
1.80878
1.81205
1.81405
1.81489
1.81476
1.81384
1.8123
1.81032
1.80802
1.8055
1.80285
1.80011
1.79731
1.79446
1.79155
1.78856
1.78546
1.78222
1.77884
1.77534
1.77178
1.76827
1.76498
1.76212
1.7599
1.75848
1.75796
1.7583
1.75938
1.76099
1.7629
1.76492
1.76686
1.7686
1.77009
1.77129
1.77219
1.77281
1.77316
1.77324
1.77307
1.77263
1.77191
1.77088
1.76955
1.76791
1.76601
1.76396
1.7619
1.76002
1.75852
1.75756
1.75721
1.75741
1.75802
1.75883
1.75961
1.76017
1.76038
1.76019
1.75962
1.75875
1.75768
1.75654
1.75543
1.75446
1.75369
1.75319
1.75301
1.75318
1.75372
1.75456
1.75555
1.75647
1.75703
1.75698
1.75618
1.75473
1.75297
1.75146
1.75085
1.75157
1.75373
1.75702
1.76086
1.76465
1.76793
1.77042
1.77205
1.77288
1.77303
1.77265
1.7719
1.77092
1.7698
1.76865
1.76751
1.76645
1.76548
1.76462
1.76387
1.76323
1.7627
1.76225
1.76189
1.76161
1.7614
1.76124
1.76114
1.76107
1.76102
1.76099
1.76101
1.76117
1.7616
1.76248
1.764
1.76626
1.76927
1.77286
1.77677
1.78064
1.78414
1.787
1.78907
1.79028
1.79069
1.79047
1.78985
1.78912
1.78854
1.78834
1.78863
1.78943
1.79063
1.79205
1.79349
1.79473
1.79561
1.79596
1.79572
1.79484
1.79334
1.79128
1.78878
1.78596
1.78297
1.77996
1.77705
1.77435
1.77191
1.76981
1.76812
1.76699
1.76661
1.76722
1.76902
1.7721
1.77636
1.78151
1.78716
1.79289
1.79835
1.80328
1.80755
1.81113
1.81408
1.81649
1.81848
1.82018
1.82168
1.82305
1.82432
1.82549
1.82649
1.8272
1.82746
1.82705
1.82575
1.82332
1.81963
1.81465
1.80865
1.80218
1.79609
1.79136
1.78885
1.78906
1.79202
1.7973
1.80417
1.81174
1.81919
1.82585
1.83127
1.8352
1.83751
1.83819
1.83726
1.83482
1.831
1.82597
1.81996
1.81323
1.80602
1.79862
1.79132
1.78452
1.77867
1.7742
1.77132
1.76994
1.76967
1.77015
1.77142
1.77408
1.779
1.78667
1.79676
1.80819
1.81973
1.83042
1.83979
1.84764
1.85388
1.85835
1.86081
1.86099
1.85872
1.85412
1.84779
1.84094
1.83524
1.83235
1.83312
1.83725
1.84346
1.85021
1.85626
1.86094
1.86401
1.86553
1.8657
1.86476
1.86296
1.86055
1.85772
1.85465
1.85136
1.84776
1.84363
1.83877
1.83329
1.828
1.82464
1.82538
1.83154
1.84253
1.85604
1.86929
1.88025
1.88797
1.89232
1.89366
1.89246
1.88924
1.8845
1.87867
1.87219
1.86543
1.85874
1.85239
1.84658
1.84143
1.83697
1.83319
1.83004
1.82749
1.82553
1.8242
1.82352
1.82356
1.82433
1.82581
1.82795
1.83066
1.83381
1.8372
1.84066
1.84395
1.84691
1.84937
1.85124
1.85248
1.85309
1.85311
1.8526
1.85161
1.8502
1.84842
1.84629
1.84384
1.84106
1.83795
1.83449
1.83064
1.82639
1.8217
1.81656
1.81095
1.80493
1.79858
1.79208
1.78573
1.77991
1.77505
1.77152
1.76953
1.76908
1.76994
1.77174
1.77411
1.77671
1.77934
1.78189
1.78433
1.78664
1.78882
1.79087
1.79274
1.79438
1.79574
1.79674
1.79734
1.79745
1.79703
1.79601
1.79433
1.79195
1.78884
1.78501
1.78052
1.77557
1.77046
1.76567
1.76175
1.75928
1.75862
1.75985
1.76271
1.7667
1.77125
1.77583
1.78007
1.78377
1.7868
1.78915
1.79083
1.79187
1.79228
1.79208
1.7913
1.78998
1.78821
1.78616
1.78408
1.78226
1.78105
1.7807
1.7813
1.78274
1.78472
1.78681
1.78856
1.78953
1.78937
1.78779
1.78463
1.77989
1.77379
1.76691
1.76014
1.75459
1.75115
1.75013
1.75109
1.75311
1.75522
1.75689
1.75815
1.75951
1.76172
1.76534
1.77058
1.77715
1.78444
1.79174
1.79848
1.80425
1.80887
1.81235
1.81476
1.81626
1.817
1.81713
1.81675
1.81591
1.81459
1.81273
1.81018
1.8068
1.80246
1.79709
1.79075
1.7837
1.77631
1.76912
1.76264
1.75729
1.7533
1.75076
1.7497
1.7502
1.7524
1.75642
1.7622
1.76946
1.77768
1.78627
1.79465
1.8024
1.80926
1.81511
1.81995
1.82384
1.82688
1.82918
1.83087
1.83204
1.8328
1.83322
1.83339
1.83335
1.83315
1.83281
1.83234
1.83172
1.83091
1.82987
1.82852
1.82678
1.82457
1.82178
1.81833
1.81414
1.80916
1.80339
1.79689
1.78983
1.78249
1.7753
1.7688
1.7636
1.76025
1.75917
1.7605
1.76409
1.76955
1.77635
1.7839
1.79171
1.79937
1.80663
1.81335
1.81947
1.825
1.82996
1.8344
1.83838
1.84193
1.84511
1.84794
1.85047
1.85272
1.8547
1.85643
1.8579
1.85911
1.86004
1.86064
1.86089
1.86072
1.86008
1.85889
1.85709
1.85457
1.85129
1.84723
1.84253
1.83761
1.83318
1.83022
1.82967
1.83197
1.8368
1.84312
1.84959
1.85502
1.85861
1.85998
1.85911
1.85629
1.85204
1.84704
1.84205
1.83771
1.83441
1.83221
1.8309
1.83011
1.82948
1.82878
1.82789
1.82682
1.82562
1.82436
1.82312
1.82199
1.82113
1.82071
1.82086
1.82157
1.8226
1.82355
1.82396
1.82354
1.82225
1.82039
1.81854
1.81745
1.81787
1.82023
1.8245
1.8301
1.8362
1.84196
1.8468
1.85039
1.85268
1.85376
1.85383
1.85311
1.85184
1.85025
1.84856
1.8469
1.84534
1.84383
1.84225
1.84036
1.83792
1.83472
1.83065
1.82575
1.82025
1.81455
1.80908
1.8042
1.80011
1.79674
1.79394
1.79152
1.78945
1.78782
1.78677
1.78643
1.78679
1.7877
1.78893
1.79018
1.79123
1.79186
1.79197
1.79146
1.79029
1.78844
1.78591
1.78273
1.77902
1.77496
1.77081
1.76692
1.76363
1.76126
1.75999
1.75982
1.76055
1.76188
1.76345
1.76501
1.7664
1.76767
1.76897
1.77048
1.77236
1.77465
1.77727
1.78004
1.78275
1.7852
1.78725
1.78882
1.78986
1.79039
1.79042
1.78998
1.78909
1.78774
1.78593
1.78364
1.78083
1.77748
1.77362
1.76927
1.76458
1.75976
1.75512
1.75104
1.7479
1.74603
1.74553
1.74631
1.74798
1.74997
1.75156
1.75201
1.75069
1.74731
1.7422
1.73657
1.73241
1.73178
1.73568
1.74341
1.75292
1.76192
1.76871
1.77238
1.77263
1.76951
1.76339
1.75495
1.74535
1.7363
1.72975
1.72735
1.72976
1.73632
1.74541
1.75514
1.76396
1.7709
1.77548
1.77754
1.77713
1.77438
1.76956
1.76317
1.75603
1.74936
1.74451
1.74261
1.74412
1.74865
1.75519
1.76261
1.76996
1.77661
1.78227
1.7868
1.79024
1.79262
1.79402
1.79451
1.79414
1.79294
1.79094
1.78819
1.78483
1.78111
1.77745
1.77441
1.77262
1.77254
1.77435
1.77783
1.78245
1.78758
1.79265
1.79723
1.80109
1.80417
1.80645
1.80799
1.80885
1.80909
1.80874
1.80782
1.80636
1.80436
1.80186
1.79893
1.79565
1.79219
1.78876
1.78558
1.78288
1.78084
1.77958
1.77912
1.77945
1.78047
1.78208
1.78416
1.78659
1.78925
1.79202
1.7948
1.7975
1.80005
1.8024
1.80449
1.80625
1.80758
1.80835
1.80839
1.80755
1.80569
1.80274
1.79877
1.79395
1.7886
1.78305
1.77759
1.7724
1.76757
1.76322
1.75953
1.7567
1.75488
1.75403
1.75406
1.75483
1.75628
1.75837
1.76102
1.76407
1.76731
1.77053
1.77357
1.77632
1.77875
1.78089
1.78273
1.78428
1.78551
1.78638
1.78683
1.7868
1.78624
1.78505
1.78311
1.78029
1.77649
1.77168
1.76602
1.75992
1.75411
1.74948
1.74687
1.74672
1.74893
1.75292
1.75786
1.76301
1.76781
1.77197
1.77536
1.77798
1.77988
1.78115
1.78188
1.78216
1.78207
1.78171
1.78114
1.78043
1.77966
1.77886
1.77806
1.77727
1.77646
1.7756
1.77462
1.77343
1.77196
1.77012
1.76786
1.76519
1.76216
1.75895
1.75581
1.75314
1.75139
1.75097
1.75216
1.75495
1.75909
1.76406
1.76924
1.77404
1.77796
1.78062
1.78182
1.78144
1.7795
1.77614
1.77164
1.7664
1.76097
1.75593
1.75182
1.74903
1.74772
1.74785
1.74922
1.75151
1.75435
1.75736
1.76016
1.76243
1.7639
1.76438
1.76378
1.76213
1.75965
1.75674
1.75399
1.75204
1.75143
1.75242
1.7549
1.75843
1.7624
1.76627
1.76959
1.77211
1.77375
1.77451
1.77447
1.77374
1.77243
1.77065
1.76849
1.76601
1.76322
1.76011
1.75663
1.7527
1.74828
1.74338
1.73816
1.73294
1.72825
1.72469
1.7228
1.72283
1.72464
1.72775
1.73154
1.73542
1.73895
1.74192
1.74425
1.74597
1.74717
1.74797
1.74844
1.7487
1.74883
1.74888
1.74891
1.74898
1.74909
1.74926
1.74949
1.74977
1.75007
1.75038
1.75069
1.75101
1.75134
1.75169
1.75206
1.75244
1.75281
1.7531
1.75327
1.75324
1.75296
1.75239
1.75154
1.75045
1.74921
1.74794
1.74678
1.74589
1.7454
1.74541
1.74595
1.747
1.74846
1.75019
1.75203
1.75381
1.75536
1.75656
1.7573
1.75752
1.75718
1.75632
1.75501
1.75341
1.75172
1.75021
1.74913
1.74868
1.74898
1.75002
1.75165
1.75365
1.75575
1.75766
1.75911
1.75987
1.75977
1.75873
1.75676
1.75405
1.7509
1.74777
1.74517
1.74356
1.74324
1.74421
1.74622
1.74878
1.75128
1.75314
1.75388
1.7532
1.75103
1.74756
1.74323
1.73876
1.73497
1.73261
1.73212
1.73344
1.73593
1.73865
1.74056
1.74088
1.73923
1.73579
1.73119
1.72634
1.72227
1.71978
1.71929
1.7208
1.72399
1.72836
1.73339
1.73861
1.74363
1.74815
1.752
1.7551
1.75745
1.75911
1.76022
1.76088
1.76122
1.76133
1.76128
1.76109
1.76078
1.7603
1.75963
1.75871
1.75748
1.75592
1.75398
1.75167
1.74902
1.74611
1.74309
1.74016
1.73761
1.73573
1.73482
1.73503
1.7364
1.73877
1.74186
1.74528
1.74867
1.75169
1.75408
1.75564
1.75623
1.75578
1.75424
1.75164
1.74806
1.74369
1.7388
1.73375
1.72894
1.72472
1.72131
1.71877
1.71704
1.71599
1.7155
1.71555
1.71622
1.71768
1.72012
1.72365
1.72821
1.73355
1.7393
1.74503
1.75039
1.75515
1.75925
1.76276
1.7658
1.76853
1.77107
1.7735
1.77586
1.77811
1.78017
1.78193
1.78326
1.78401
1.78404
1.7832
1.78142
1.77867
1.7751
1.77107
1.76714
1.76404
1.76243
1.76269
1.76471
1.76797
1.77175
1.77537
1.77842
1.78071
1.78231
1.7834
1.7842
1.78485
1.7854
1.78577
1.78582
1.78536
1.78425
1.78242
1.77989
1.77681
1.77343
1.77005
1.76696
1.7644
1.76254
1.76145
1.7611
1.76144
1.76238
1.76379
1.76557
1.76763
1.7699
1.77236
1.77502
1.77791
1.78098
1.78417
1.78732
1.79026
1.79281
1.79483
1.79623
1.79705
1.79741
1.79756
1.79786
1.79868
1.80033
1.80295
1.80647
1.8106
1.81495
1.8191
1.82272
1.82556
1.82746
1.82839
1.82833
1.82737
1.82562
1.82328
1.8206
1.81789
1.81547
1.81364
1.8126
1.8124
1.81299
1.81418
1.81576
1.81753
1.81933
1.82104
1.82261
1.82401
1.82521
1.82621
1.82697
1.82747
1.82766
1.8275
1.827
1.82615
1.82502
1.82376
1.82254
1.82162
1.82124
1.8216
1.8228
1.82483
1.82751
1.83055
1.83359
1.83626
1.83818
1.83903
1.83854
1.8365
1.83278
1.82736
1.82038
1.81224
1.8036
1.79532
1.78836
1.78348
1.78098
1.78073
1.78219
1.78475
1.78784
1.79108
1.79427
1.79731
1.80022
1.80299
1.80563
1.80809
1.81028
1.81209
1.81337
1.81404
1.81405
1.81339
1.81216
1.81048
1.80852
1.80642
1.80429
1.80217
1.80003
1.79773
1.79513
1.79208
1.7885
1.78442
1.78003
1.77569
1.77187
1.76909
1.76779
1.76822
1.77036
1.77398
1.77864
1.78386
1.78918
1.79425
1.79882
1.80275
1.80597
1.80846
1.81023
1.81129
1.81165
1.81131
1.81027
1.80856
1.80622
1.80338
1.80024
1.79711
1.79433
1.79225
1.79109
1.79093
1.79162
1.79291
1.79444
1.7959
1.79707
1.79781
1.79811
1.79803
1.79771
1.79729
1.79695
1.7968
1.79694
1.7974
1.79814
1.79909
1.80012
1.80112
1.80193
1.8024
1.80238
1.80168
1.8001
1.79744
1.79353
1.78838
1.78221
1.77567
1.76975
1.7656
1.76411
1.76545
1.76899
1.77365
1.77832
1.7822
1.78493
1.78646
1.78694
1.78666
1.78593
1.78505
1.78428
1.78381
1.78374
1.78405
1.78462
1.78518
1.78538
1.7848
1.78303
1.77977
1.77495
1.76899
1.76285
1.75796
1.75573
1.75689
1.76109
1.76711
1.77345
1.77892
1.78283
1.78498
1.78549
1.78462
1.78273
1.78022
1.77751
1.77499
1.773
1.77177
1.77137
1.77173
1.77264
1.77383
1.77502
1.776
1.77664
1.7769
1.7768
1.77641
1.77581
1.77509
1.77432
1.77355
1.77278
1.772
1.77117
1.77018
1.76888
1.76706
1.76444
1.76073
1.75574
1.74954
1.74271
1.73647
1.73247
1.73215
1.73593
1.74299
1.75165
1.76022
1.76754
1.77311
1.77687
1.77901
1.77983
1.7796
1.77858
1.77697
1.77497
1.77275
1.7705
1.76841
1.76668
1.76549
1.76502
1.7654
1.76669
1.76888
1.77187
1.77553
1.77965
1.78403
1.78846
1.79277
1.79681
1.80048
1.80369
1.80642
1.80862
1.81029
1.81145
1.81211
1.81229
1.81204
1.81135
1.81022
1.80861
1.80644
1.8036
1.79998
1.7955
1.79021
1.78423
1.77788
1.7716
1.76595
1.76154
1.75887
1.75832
1.76002
1.76384
1.76937
1.77605
1.78323
1.79033
1.79686
1.8025
1.80711
1.81069
1.81336
1.81536
1.81693
1.81833
1.8198
1.82149
1.82345
1.82563
1.82787
1.82998
1.83174
1.83298
1.83358
1.83346
1.83259
1.83097
1.82864
1.8256
1.82187
1.8175
1.81253
1.80712
1.80149
1.796
1.79115
1.78748
1.78551
1.78558
1.78773
1.79172
1.79703
1.80307
1.80926
1.81513
1.82038
1.82488
1.82859
1.83156
1.83389
1.83566
1.83696
1.83787
1.83842
1.83863
1.8385
1.83803
1.83719
1.83597
1.83435
1.83232
1.82991
1.82715
1.8241
1.82089
1.81763
1.81449
1.81164
1.80924
1.80742
1.80625
1.80571
1.8057
1.80599
1.80622
1.80599
1.80484
1.80233
1.7982
1.79252
1.78587
1.77949
1.77504
1.77408
1.7773
1.78412
1.79308
1.80254
1.81126
1.81861
1.82442
1.8288
1.83196
1.83412
1.8355
1.83623
1.83642
1.83614
1.83542
1.8343
1.83279
1.83093
1.82877
1.82639
1.82392
1.82148
1.81921
1.81725
1.81567
1.81453
1.81383
1.81355
1.81364
1.81406
1.81479
1.81578
1.81701
1.81844
1.82003
1.82171
1.82345
1.82518
1.82686
1.82841
1.82977
1.83085
1.83156
1.8318
1.83149
1.83055
1.82895
1.82669
1.82384
1.82052
1.81689
1.81317
1.80955
1.8062
1.80323
1.80064
1.7984
1.79643
1.79466
1.79311
1.79181
1.79087
1.79042
1.79055
1.79132
1.79269
1.79458
1.79685
1.79937
1.80197
1.80452
1.80691
1.80905
1.81087
1.81234
1.81342
1.81411
1.81442
1.81437
1.81401
1.81336
1.81248
1.81139
1.81014
1.80876
1.80727
1.80569
1.80405
1.80238
1.80071
1.79905
1.79745
1.79591
1.79444
1.79305
1.79169
1.79035
1.78899
1.78757
1.78608
1.78452
1.7829
1.78127
1.7797
1.77827
1.77706
1.77615
1.77558
1.77535
1.77545
1.77579
1.77631
1.77689
1.77744
1.77788
1.7781
1.77805
1.77765
1.77684
1.77555
1.77375
1.77144
1.76868
1.76564
1.7626
1.75993
1.75804
1.75729
1.75784
1.75963
1.76236
1.76565
1.76907
1.77231
1.77513
1.7774
1.77903
1.77995
1.78007
1.77924
1.77723
1.77376
1.76853
1.76133
1.75227
1.74207
1.73223
1.7248
1.72158
1.72319
1.72871
1.73631
1.74421
1.7513
1.75711
1.76166
1.7651
1.76765
1.76944
1.77055
1.77103
1.77087
1.77008
1.76872
1.76686
1.76466
1.76236
1.76022
1.75853
1.75754
1.75741
1.75813
1.75961
1.76165
1.76399
1.76642
1.76874
1.77081
1.77252
1.77381
1.77462
1.77491
1.77466
1.77384
1.77245
1.77051
1.76809
1.76534
1.76242
1.75958
1.75708
1.75516
1.75402
1.75376
1.75443
1.75596
1.75822
1.76097
1.76392
1.76673
1.76909
1.77068
1.7713
1.77081
1.76918
1.76647
1.76287
1.75864
1.75415
1.74983
1.74614
1.74349
1.74218
1.74238
1.74404
1.74695
1.75079
1.75516
1.75968
1.764
1.76786
1.77105
1.77344
1.77496
1.77557
1.77525
1.77404
1.77197
1.76914
1.76568
1.76181
1.75782
1.75409
1.75105
1.74907
1.74842
1.74917
1.75113
1.75396
1.75722
1.7605
1.76346
1.76591
1.76777
1.76907
1.76989
1.77034
1.77053
1.77055
1.77043
1.77018
1.76976
1.76908
1.76805
1.76657
1.76458
1.76204
1.75897
1.75547
1.75169
1.74784
1.74418
1.741
1.73853
1.73691
1.73618
1.73631
1.73721
1.73887
1.74134
1.7447
1.74896
1.75398
1.75949
1.76513
1.77056
1.77555
1.77995
1.78373
1.78689
1.78946
1.79146
1.7929
1.79377
1.79403
1.79362
1.79247
1.79047
1.78748
1.78335
1.77791
1.77105
1.76271
1.75304
1.74248
1.73183
1.72227
1.71516
1.71172
1.71259
1.71761
1.72584
1.73589
1.74638
1.7562
1.76466
1.77143
1.77648
1.77991
1.78192
1.78271
1.7825
1.78148
1.77984
1.77777
1.77545
1.77304
1.77066
1.76841
1.7663
1.76432
1.76239
1.76044
1.75844
1.7564
1.75442
1.7527
1.75147
1.75098
1.75142
1.75286
1.7552
1.75822
1.7616
1.76498
1.76808
1.77072
1.77279
1.7743
1.77532
1.77594
1.77628
1.77644
1.7765
1.7765
1.77646
1.77638
1.77624
1.77603
1.77573
1.77535
1.77489
1.77437
1.77379
1.77317
1.7725
1.77177
1.77098
1.77013
1.7692
1.76814
1.76689
1.76529
1.76319
1.76045
1.75703
1.75307
1.74896
1.7453
1.74278
1.74201
1.74331
1.7466
1.75143
1.75711
1.76287
1.76804
1.7721
1.77475
1.77588
1.77552
1.77384
1.77113
1.76772
1.764
1.76034
1.75707
1.75443
1.75257
1.75151
1.75117
1.75143
1.75211
1.7531
1.75432
1.75573
1.75735
1.75913
1.761
1.76282
1.76437
1.76536
1.76549
1.7645
1.76218
1.75848
1.75361
1.74805
1.74262
1.73824
1.73572
1.73536
1.73688
1.73947
1.74218
1.7442
1.745
1.74445
1.74277
1.74045
1.73819
1.73666
1.73626
1.73702
1.73852
1.74011
1.7411
1.74097
1.73949
1.73673
1.73308
1.72915
1.72572
1.72347
1.72282
1.72376
1.72595
1.72881
1.73176
1.73434
1.73627
1.73742
1.73776
1.73735
1.73625
1.73455
1.73235
1.72977
1.72692
1.72397
1.72109
1.71848
1.71631
1.7147
1.71373
1.71335
1.71347
1.71396
1.71467
1.71548
1.7163
1.7171
1.71787
1.71861
1.71935
1.7201
1.72086
1.72162
1.72238
1.72313
1.72383
1.72447
1.72504
1.72553
1.72592
1.7262
1.72638
1.72644
1.72639
1.72623
1.72597
1.72561
1.7252
1.72475
1.72432
1.72397
1.72377
1.72379
1.7241
1.72474
1.72575
1.72714
1.72889
1.73093
1.73323
1.73571
1.73831
1.74097
1.74364
1.74629
1.74889
1.75142
1.75384
1.75614
1.75828
1.76021
1.76187
1.76317
1.764
1.76422
1.76365
1.7621
1.75938
1.75535
1.74999
1.74357
1.7367
1.7304
1.72595
1.72443
1.72633
1.7313
1.73834
1.74625
1.75398
1.76086
1.76653
1.77092
1.77409
1.77621
1.77749
1.77815
1.77846
1.77864
1.77893
1.7795
1.78048
1.78195
1.78388
1.78621
1.78884
1.79162
1.7944
1.79704
1.79938
1.80132
1.80275
1.80358
1.80378
1.80331
1.8022
1.8005
1.79833
1.79581
1.79313
1.7905
1.78815
1.78633
1.78525
1.78506
1.78581
1.78741
1.78965
1.79222
1.79477
1.79699
1.79862
1.7995
1.79961
1.79902
1.79791
1.79651
1.79504
1.79369
1.79254
1.79157
1.79073
1.78995
1.78926
1.78878
1.78874
1.7894
1.79099
1.79358
1.79707
1.80123
1.80572
1.81018
1.81434
1.81802
1.82112
1.82366
1.8257
1.82734
1.8287
1.82988
1.83097
1.83203
1.83311
1.83422
1.83534
1.83645
1.8375
1.83844
1.83919
1.83971
1.83991
1.83974
1.83914
1.83805
1.83644
1.83428
1.83156
1.82828
1.82447
1.8202
1.81553
1.81063
1.80566
1.80088
1.79656
1.79301
1.79047
1.78911
1.78897
1.78997
1.79191
1.79455
1.79761
1.80086
1.80413
1.80732
1.81037
1.81329
1.8161
1.81882
1.82147
1.82405
1.82657
1.829
1.83133
1.83351
1.83553
1.83735
1.83897
1.84036
1.84154
1.8425
1.84328
1.84389
1.84437
1.84476
1.84511
1.84545
1.84581
1.84624
1.84676
1.84737
1.84808
1.84886
1.84969
1.85052
1.85129
1.85195
1.8524
1.85259
1.85243
1.85185
1.85079
1.84921
1.84707
1.84432
1.84092
1.83681
1.83197
1.82653
1.8209
1.8159
1.81269
1.81237
1.81541
1.82134
1.82897
1.83689
1.84405
1.84985
1.85419
1.85723
1.85922
1.86045
1.86116
1.8615
1.86153
1.86125
1.86058
1.85941
1.85758
1.85495
1.8514
1.84689
1.84149
1.83542
1.82909
1.82304
1.81787
1.81413
1.81216
1.81202
1.81349
1.81615
1.81952
1.82316
1.82671
1.82993
1.83265
1.83482
1.83641
1.8375
1.83821
1.8387
1.83918
1.83986
1.84093
1.84252
1.8447
1.84748
1.85076
1.8544
1.8582
1.86197
1.86549
1.8686
1.87114
1.87303
1.8742
1.87462
1.87428
1.8732
1.87142
1.86898
1.86597
1.86249
1.85868
1.85472
1.8508
1.84716
1.84401
1.84154
1.83991
1.83917
1.83932
1.84028
1.84191
1.84404
1.84647
1.84904
1.85159
1.85398
1.85611
1.85791
1.85931
1.86028
1.86076
1.86072
1.86014
1.85898
1.85725
1.85494
1.85208
1.84875
1.84504
1.84109
1.83707
1.83323
1.82983
1.82717
1.82553
1.82512
1.82601
1.82815
1.83132
1.83525
1.83966
1.84429
