0     37.6648
1     37.1889
2     36.8836
3     36.5161
4       36.22
5     36.0311
6     35.7265
7     35.5172
8     35.1947
9     35.0195
10     34.7198
11     34.4624
12     34.2245
13     33.8723
14     33.5006
15      33.134
16     32.8247
17     32.5268
18     32.2073
19     31.8635
20     31.6288
21     31.4127
22     31.1172
23     30.8319
24     30.5205
25     30.2231
26      30.163
27      30.016
28     29.8187
29     29.6562
30     29.3725
31     29.1086
32     28.9321
33     28.6264
34     28.4991
35     28.4699
36     28.4055
37     28.3577
38     28.2568
39     28.2776
40     28.3654
41     28.2963
42     28.4239
43     28.2406
44      28.185
45     28.0143
46     28.0084
47     28.0339
48     27.8933
49     27.8344
50     27.6633
51      27.435
52     27.4388
53     27.3866
54     27.2116
55     27.0546
56     26.8777
57     26.9173
58      26.867
59      26.782
60     26.6063
61     26.5696
62     26.4963
63     26.2745
64     26.2017
65     26.1624
66     26.1223
67     26.0723
68     25.9517
69      25.903
70     25.8351
71     25.7632
72      25.751
73     25.6723
74     25.5291
75     25.5456
76     25.4847
77     25.4286
78     25.4314
79     25.4323
80     25.3332
81     25.3058
82     25.2025
83     25.1501
84     25.2067
85     25.0815
86     25.1074
87       25.06
88     25.0569
89      24.991
90     24.9975
91     24.8758
92     24.8864
93     24.7492
94     24.5776
95     24.4563
96     24.4263
97     24.2873
98     24.2455
99     24.0074
100     23.8518
101     23.7408
102     23.7442
103     23.6959
104     23.5867
105     23.5444
106     23.4927
107     23.6463
108     23.6033
109     23.5923
110     23.6082
111     23.4863
112     23.5165
113     23.3486
114     23.2583
115     23.1361
116     23.0002
117     22.8973
118     22.8772
119     22.8959
120     22.7231
121     22.6903
122     22.4472
123     22.2751
124     22.2476
125     22.1771
126      22.051
127     22.2323
128     22.2028
129      22.074
130      22.063
131     22.1917
132     22.1981
133     22.1203
134     21.9845
135     21.9448
136     21.7544
137     21.6547
138     21.5037
139     21.5124
140     21.4171
141     21.4539
142     21.5191
143     21.7475
144     21.7012
145     21.6981
146     21.7548
147     21.6377
148     21.5512
149     21.4764
150     21.3661
151     21.2619
152      21.354
153     21.3177
154     21.2477
155       21.12
156     20.9812
157     20.9793
158     20.7951
159      20.469
160     20.5753
161     20.4763
162     20.2652
163     20.2163
164     20.2084
165     20.1376
166     20.1618
167      20.165
168     20.0708
169      19.971
170     19.8866
171     19.7816
172     19.6946
173     19.6847
174      19.645
175     19.6539
176     19.6105
177     19.6242
178      19.412
179     19.3683
180     19.2893
181     19.2587
182      19.146
183     19.0864
184     18.9239
185     18.9583
186      18.758
187     18.6538
188     18.6517
189     18.5382
190      18.471
191     18.6024
192     18.5108
193     18.3936
194     18.3655
195     18.4212
196     18.5831
197     18.3332
198     18.0833
199     18.0445
200     18.1272
201     18.1477
202     18.0767
203     18.0342
204     17.8513
205     17.6679
206     17.4816
207     17.4177
208     17.2998
209     17.0628
210     16.9226
211     16.8272
212     16.6996
213     16.5803
214     16.5866
215     16.7967
216     16.7897
217     16.7677
218     16.7831
219     16.7899
220     16.7433
221     16.6694
222     16.6083
223     16.6289
224     16.4047
225     16.2435
226     16.2437
227     16.1973
228       16.24
229     16.2932
230     16.2794
231      16.186
232     16.0658
233     16.2103
234     16.1974
235     16.0414
236     16.1072
237     15.9813
238     15.8892
239     15.7587
240     15.8978
241     15.7955
242     15.6143
243     15.6883
244     15.7369
245     15.7186
246     15.7079
247     15.6969
248     15.6424
249      15.732
250      15.628
251     15.7109
252     15.7984
253     15.7095
254     15.7295
255     15.6984
256      15.703
257      15.836
258     15.5548
259     15.6428
260     15.6983
261     15.5944
262     15.7292
263     15.6919
264     15.6265
265     15.5257
266     15.4939
267      15.417
268      15.525
269     15.3843
270     15.2367
271     15.3306
272     15.4586
273      15.349
274     15.5061
275     15.5216
276     15.7253
277     15.7047
278     15.6758
279     15.6197
280     15.5444
281     15.3949
282      15.547
283     15.4759
284     15.4172
285     15.4025
286     15.4861
287     15.4139
288     15.2769
289     15.2771
290     15.2666
291     15.2759
292     15.3662
293      15.415
294     15.4657
295      15.551
296     15.6212
297      15.609
298     15.4892
299     15.3842
300     15.3481
301     15.1485
302     14.9776
303      14.838
304     14.6253
305      14.459
306     14.4512
307      14.405
308     14.3492
309      14.573
310     14.4054
311     14.4945
312     14.3867
313     14.3924
314     14.3743
315     14.4297
316     14.3205
317     14.2114
318     14.1379
319     14.3481
320     14.5238
321     14.4174
322     14.4473
323      14.295
324     14.3129
325      14.285
326      14.325
327     14.4085
328     14.3892
329      14.304
330     14.1285
331       14.18
332     14.1682
333     14.2067
334     14.0633
335     13.9873
336     14.0625
337     13.8477
338     13.8911
339     13.8555
340     13.7655
341     13.8367
342     13.6636
343     13.7121
344     13.7894
345     13.5857
346      13.651
347     13.6931
348     13.7022
349      13.627
350     13.5523
351     13.7346
352     13.6302
353     13.5904
354     13.6855
355     13.6067
356     13.4683
357     13.3923
358     13.3655
359     13.4814
360     13.4349
361      13.434
362     13.5586
363     13.5185
364     13.4306
365     13.4448
366     13.5064
367     13.4409
368     13.4991
369     13.5977
370     13.4687
371     13.3848
372     13.5677
373     13.4208
374     13.4632
375     13.4029
376     13.5226
377      13.629
378     13.5042
379     13.4529
380     13.5722
381      13.602
382     13.6641
383     13.5777
384     13.5929
385     13.7067
386     13.6557
387     13.6881
388     13.7764
389     13.6583
390     13.7227
391     13.7628
392      13.698
393     13.5711
394     13.4305
395     13.3885
396     13.4576
397     13.6242
398     13.5725
399     13.4909
400     13.5443
401     13.3658
402     13.3729
403     13.4402
404     13.3206
405     13.2998
406     13.2227
407     13.0676
408     13.1749
409     13.1227
410     13.0896
411     13.1333
412     13.1111
413     13.0452
414     12.9008
415     13.0134
416     12.9468
417     12.9208
418       12.76
419     12.6967
420     12.7774
421     12.7142
422     12.8817
423     12.8649
424     13.0642
425     13.1443
426     13.1025
427     13.2662
428      13.157
429     13.3624
430     13.4787
431     13.6089
432     13.6085
433     13.5445
434     13.5177
435      13.525
436      13.483
437     13.3818
438     13.2996
439     13.4496
440     13.5135
441     13.3491
442      13.444
443     13.4856
444     13.4437
445     13.4952
446     13.5298
447     13.4029
448      13.319
449     13.3727
450     13.2555
451     13.1426
452     12.9726
453     13.1195
454     13.1142
455     13.1201
456     13.3285
457     13.4259
458     13.3549
459     13.2086
460     13.0805
461     13.0945
462     13.0422
463     13.3111
464     13.2123
465     13.1167
466     13.0949
467     13.1558
468     13.2495
469      13.183
470     13.0404
471     12.9028
472     13.0114
473     12.9328
474     13.1696
475     13.1824
476     13.3336
477      13.237
478     13.3085
479     13.2913
480     13.5338
481     13.4321
482     13.2582
483      13.178
484     13.1016
485     12.9411
486      12.754
487     12.9516
488     12.9612
489      12.853
490     12.9411
491     12.8916
492     12.8861
493     12.9989
494     12.8392
495     13.0071
496      13.099
497     13.1039
498     13.0858
499     12.9728
500     13.2096
501     13.2749
502     13.1851
503     13.2704
504      13.307
505     13.3466
506     13.3956
507     13.1977
508     13.0788
509     12.9978
510     12.9839
511     12.9586
512     12.9542
513     12.8065
514     12.7506
515     12.6584
516     12.7091
517     12.6302
518     12.7034
519     12.6184
520     12.5469
521     12.6302
522     12.7405
523     12.6522
524     12.6713
525     12.5163
526     12.5139
527      12.467
528     12.5359
529     12.8052
530     12.7374
531     12.5469
532     12.4552
533     12.6891
534     12.6381
535     12.7052
536     12.6408
537     12.6193
538      12.536
539     12.5896
540     12.5501
541     12.5379
542     12.4191
543     12.3954
544     12.3405
545     12.4289
546     12.3625
547     12.4967
548     12.4983
549     12.4872
550     12.4908
551     12.3502
552     12.3502
553     12.3565
554     12.2515
555     12.1258
556     12.2608
557     12.3072
558     12.2539
559     12.2216
560     12.1773
561     12.2497
562     12.2376
563     12.2007
564      12.171
565     12.3073
566     12.2874
567     12.2739
568     12.2937
569     12.2252
570     12.2082
571     12.2924
572     12.2603
573     12.1837
574     12.1757
575      12.211
576     12.3351
577     12.3353
578     12.4709
579     12.5686
580     12.4604
581     12.4807
582     12.4112
583     12.4725
584     12.4942
585     12.4613
586     12.4076
587      12.435
588     12.6636
589     12.8174
590     12.8147
591     12.8304
592     12.7869
593     12.9691
594     12.9593
595     12.9693
596     12.9068
597     12.9732
598     12.9591
599     13.2687
600     13.2079
601     13.0931
602     13.2022
603     13.1422
604     13.1417
605     13.1641
606     13.2697
607      13.108
608     13.1055
609       13.18
610     13.2347
611     13.2791
612     13.1127
613     13.1287
614     13.1303
615     13.0873
616     12.9709
617     12.8828
618     13.0302
619     13.0239
620     12.9411
621     12.7798
622     12.7446
623      12.759
624     12.7989
625     12.7447
626     12.6366
627     12.4564
628     12.5339
629     12.4445
630     12.4171
631     12.3232
632     12.3713
633     12.4543
634     12.5158
635     12.5481
636     12.4885
637     12.6311
638     12.9292
639      13.045
640     13.1547
641     12.9815
642      12.888
643     12.6932
644     12.6257
645     12.5839
646     12.6587
647      12.519
648     12.4587
649     12.5116
650      12.446
651     12.4645
652     12.4481
653     12.5329
654     12.5674
655     12.6742
656     12.7142
657     12.8382
658     12.8849
659      12.894
660     12.8114
661      12.738
662     12.8982
663     12.8126
664     12.7738
665       12.79
666     12.7448
667     12.6977
668     12.7086
669     12.6566
670     12.5429
671     12.5513
672     12.6296
673     12.6755
674     12.4803
675     12.4144
676     12.6864
677     12.5137
678      12.427
679     12.3806
680     12.3544
681     12.4594
682     12.4285
683     12.4424
684     12.4009
685     12.5764
686     12.4988
687     12.6782
688     12.8041
689     12.7131
690     12.6635
691     12.7765
692     12.6119
693     12.5175
694     12.4348
695     12.3843
696     12.2791
697     12.2276
698     12.1993
699     12.1522
700      12.228
701     12.3586
702     12.2804
703     12.4099
704     12.4554
705     12.4967
706     12.4412
707     12.3899
708     12.4198
709     12.3714
710     12.6181
711     12.7992
712     12.8286
713     12.8043
714     12.7177
715     12.5924
716     12.6292
717       12.52
718     12.5684
719     12.5509
720     12.3853
721      12.329
722     12.2032
723     12.0912
724     12.2769
725     12.3256
726     12.2368
727     12.2814
728     12.2861
729     12.3265
730     12.2251
731     12.4639
732     12.6149
733      12.631
734     12.5726
735      12.546
736     12.5266
737     12.4231
738     12.3844
739     12.2855
740     12.3722
741     12.3624
742     12.6141
743     12.5833
744     12.6388
745     12.7558
746     12.7954
747     12.7991
748     12.6519
749      12.648
750      12.692
751     12.8452
752     12.8035
753     12.9201
754     12.9465
755     12.8971
756     12.6737
757     12.6453
758      12.834
759     12.8142
760     12.7957
761     12.7204
762     12.7306
763     12.6124
764      12.623
765     12.6991
766     12.6978
767     12.7411
768     12.8585
769     12.9539
770     12.9376
771     13.0363
772     13.1333
773     12.9897
774      12.845
775     12.9403
776     12.7691
777     12.6227
778     12.7988
779     12.7801
780     12.8443
781      12.713
782       12.58
783     12.5235
784     12.8074
785     12.6627
786     12.4957
787     12.6322
788     12.6509
789     12.6816
790     12.7625
791     12.5927
792     12.4801
793     12.5096
794     12.4651
795     12.6416
796     12.7698
797     12.8893
798     12.9582
799     12.7941
800     12.8028
801     12.7061
802     12.8213
803     12.9802
804     12.9816
805     13.0001
806     12.9744
807     13.0372
808     13.0058
809     13.0265
810     13.0847
811     12.9963
812     12.7919
813     12.9857
814     12.9013
815     12.9066
816     13.0141
817     12.9905
818       12.88
819     12.9019
820     12.8479
821       12.85
822     12.8656
823     12.8918
824     12.9858
825     12.8414
826     12.8343
827     12.8012
828     12.7149
829     12.7866
830     12.7041
831     12.6377
832     12.7491
833     12.6297
834     12.5409
835     12.6764
836      12.848
837     12.8098
838     12.9482
839     12.9049
840       13.16
841     13.1071
842     13.0562
843     12.9346
844     13.0302
845     13.0041
846      13.026
847     12.9906
848     12.8728
849     12.9559
850     13.0987
851     13.2064
852     12.9788
853     12.9172
854       12.82
855     12.7996
856     12.8842
857      13.095
858     13.0264
859     12.8317
860     12.9162
861     13.0772
862     12.9644
863     12.8786
864     12.7028
865     12.6584
866     12.5847
867     12.5917
868     12.5962
869      12.557
870     12.6508
871     12.7113
872     12.7309
873      12.547
874     12.6839
875     12.7209
876      12.753
877     12.7508
878     13.0037
879     13.1354
880     13.1228
881     13.1933
882     13.2227
883     13.0818
884     13.0365
885     13.1036
886     13.1887
887     13.1536
888     13.1591
889     13.2325
890     13.1582
891     13.2148
892     13.1452
893     12.9912
894      12.931
895     13.0908
896     13.1112
897     13.0036
898     13.0144
899      12.897
900     12.8067
901     12.8213
902     12.8931
903     13.1146
904     12.9356
905     12.8601
906       12.67
907     12.7798
908     12.6137
909     12.5442
910     12.5239
911     12.5066
912      12.257
913     12.3296
914     12.4988
915     12.4796
916     12.4135
917     12.3735
918      12.385
919     12.3969
920     12.4303
921     12.3925
922     12.2556
923     12.2489
924     12.0931
925     12.1686
926     12.0903
927     12.0884
928     12.0652
929     11.9991
930     11.9974
931     11.9994
932     11.9535
933     11.9922
934     12.0455
935     11.8891
936     11.8491
937     11.9293
938     12.0459
939     12.0974
940     12.1638
941     12.1723
942     11.9447
943     12.0506
944     12.1713
945     12.4268
946     12.4415
947     12.3021
948     12.2095
949     11.9622
950     11.9593
951      11.804
952     11.6774
953     11.6579
954      11.434
955     11.4505
956     11.3057
957     11.3166
958     11.2639
959     11.4048
960     11.2831
961     11.2276
962     11.2465
963     11.1295
964     11.0313
965     11.0689
966     10.8423
967     11.0206
968     10.9572
969     11.1958
970     11.0943
971     11.0957
972     11.0341
973     11.0487
974     10.8673
975     11.0155
976      10.982
977     10.9413
978     11.0849
979     11.0438
980     11.1098
981     10.8649
982     10.7222
983     10.8004
984     10.7606
985     10.6542
986     10.5728
987     10.3353
988     10.2282
989     10.1335
990     10.3702
991     10.4377
992      10.208
993     10.2792
994     10.3086
995     10.1918
996     10.1107
997     10.2118
998     10.2971
999     10.1452
1000     10.0032
1001     10.0574
1002      10.039
1003     10.0003
1004     10.0474
1005     10.0029
1006     9.89361
1007     10.0905
1008      10.136
1009     10.1052
1010     9.91381
1011     9.91397
1012     10.2375
1013     10.2828
1014     10.2158
1015     10.0971
1016     9.94495
1017     9.81343
1018     9.89476
1019     9.90903
1020     9.89642
1021     10.1617
1022     10.0416
1023     9.97936
1024     9.93836
1025     9.84244
1026     9.63652
1027     9.64269
1028     9.79063
1029       9.976
1030     10.1953
1031     10.1877
1032     10.0925
1033     9.93203
1034     10.1031
1035     10.0185
1036     10.0061
1037       10.04
1038     10.2626
1039     10.2332
1040     10.1191
1041     10.2595
1042     10.1607
1043     10.0473
1044     9.93673
1045     10.0163
1046     10.0485
1047     10.0386
1048     9.89674
1049     9.90617
1050     9.72453
1051     10.0889
1052     9.86659
1053     9.79956
1054     9.60267
1055     9.48416
1056     9.58994
1057     9.66761
1058      9.9539
1059     10.0932
1060     10.1709
1061     10.3165
1062     10.1996
1063     10.1024
1064      9.9664
1065     9.92198
1066     9.84706
1067     9.79165
1068     9.95997
1069     10.0373
1070     9.97141
1071     9.68336
1072     9.65775
1073     9.65038
1074     9.78132
1075     9.65882
1076      9.7512
1077     9.74936
1078     9.79062
1079     9.85029
1080     9.74159
1081     9.70057
1082     9.56223
1083     9.46496
1084     9.33683
1085     9.43328
1086     9.78738
1087     9.58862
1088     9.66504
1089     9.53555
1090     9.47208
1091     9.35963
1092     9.34722
1093     9.29657
1094     9.29788
1095     9.30537
1096     9.35867
1097      9.4611
1098     9.56932
1099      9.5028
1100     9.53887
1101     9.53227
1102     9.62128
1103     9.67348
1104      9.4828
1105     9.39873
1106     9.45033
1107     9.26746
1108     9.30578
1109     9.59415
1110     9.63884
1111     9.63884
1112     9.72511
1113     9.70925
1114     9.76276
1115     9.78786
1116     9.76401
1117      9.7482
1118     9.80858
1119     9.79119
1120     9.83368
1121     9.71867
1122     9.82821
1123      9.6994
1124     9.67097
1125     9.78276
1126      9.8019
1127     9.70322
1128     9.78015
1129     9.69378
1130     9.82954
1131     9.83195
1132     9.73811
1133     9.98438
1134     9.91683
1135     9.82177
1136     9.73445
1137     9.67405
1138     9.63644
1139      9.6119
1140     9.64117
1141     9.64065
1142     9.65086
1143     9.60387
1144     9.54747
1145     9.60737
1146     9.70849
1147     9.67111
1148     9.67314
1149     9.67521
1150     9.71602
1151     9.99883
1152     9.90068
1153     9.79933
1154      9.8813
1155     9.87249
1156     9.93245
1157     10.2564
1158      10.186
1159     10.1157
1160      9.9195
1161     9.88197
1162     9.76542
1163     9.75116
1164     9.93255
1165     9.76374
1166     10.0658
1167     9.88743
1168     9.89252
1169     9.81011
1170     9.64902
1171     9.69802
1172     10.0538
1173     9.98689
1174     9.82066
1175     9.80989
1176     10.0102
1177     10.2228
1178     10.1213
1179     9.94499
1180     9.89801
1181     9.86559
1182     9.75179
1183     9.65381
1184     9.67787
1185     9.83315
1186     9.62451
1187     9.62549
1188     9.84764
1189      9.7997
1190     9.76277
1191     9.86397
1192     9.72652
1193     9.91051
1194     9.78323
1195      9.7328
1196     9.74487
1197     10.0692
1198     10.1587
1199     10.0042
1200     10.1378
1201      10.036
1202     9.85521
1203     9.69077
1204     9.65165
1205     9.81248
1206     10.0021
1207     10.2298
1208     10.0347
1209     9.98602
1210     9.92177
1211     9.97573
1212     9.93444
1213     9.78007
1214      9.9796
1215     9.83878
1216     9.75043
1217      9.7012
1218     9.97813
1219     10.0876
1220     9.87278
1221     9.97052
1222     9.94527
1223     10.1594
1224       10.15
1225     10.0641
1226     9.86783
1227     9.79594
1228     9.59436
1229     9.55985
1230     9.44647
1231     9.82042
1232     9.66249
1233     9.70855
1234     10.0949
1235     10.0249
1236     9.85585
1237     9.71042
1238     9.96874
1239       10.01
1240     9.95081
1241     9.88843
1242     9.75875
1243     9.72087
1244     9.51192
1245     9.51205
1246     9.62065
1247     9.65782
1248      9.6664
1249     9.58099
1250     9.72312
1251     9.67032
1252     9.72616
1253     9.68771
1254     9.75632
1255     9.76707
1256     9.75273
1257     9.82576
1258     9.86506
1259     9.83289
1260     9.72632
1261     9.82849
1262      9.8507
1263     9.76786
1264     9.74387
1265     9.81225
1266     9.77229
1267     9.66505
1268     9.57763
1269     9.49996
1270     9.50266
1271     9.44978
1272     9.49841
1273     9.56048
1274     9.61287
1275     9.48761
1276     9.54893
1277     9.52307
1278     9.62448
1279     9.60062
1280      9.6569
1281      9.5639
1282     9.60344
1283     9.50728
1284     9.68592
1285     9.46479
1286     9.36195
1287     9.52754
1288     9.49868
1289     9.58663
1290      9.7608
1291     9.66181
1292     9.66209
1293     9.53284
1294     9.61524
1295     9.67058
1296      9.7907
1297     9.87629
1298     9.77612
1299     9.88533
1300     9.97598
1301     9.93121
1302     9.84465
1303     9.91782
1304     9.69447
1305     9.66378
1306     9.59421
1307     9.80681
1308     10.1442
1309      10.202
1310     10.4001
1311     10.1763
1312     10.4153
1313     10.2536
1314     10.3018
1315     10.1534
1316     10.1396
1317      10.088
1318     9.83363
1319     9.81457
1320     9.93914
1321     10.0212
1322     9.81785
1323     9.92799
1324     9.75001
1325      9.6216
1326     9.44461
1327     9.59559
1328     9.60899
1329     9.88422
1330     9.83177
1331     9.88316
1332     9.77305
1333     9.59816
1334      9.6759
1335      9.6348
1336     9.86251
1337     9.80334
1338     9.87417
1339     9.82435
1340     9.77715
1341     9.62959
1342     9.72067
1343     9.59374
1344     9.63076
1345     9.80436
1346      9.6889
1347     9.72617
1348      9.6391
1349      9.4353
1350     9.74363
1351     9.71862
1352     9.93435
1353     10.3056
1354     10.4459
1355     10.3353
1356     10.3026
1357     10.3044
1358     10.2495
1359     10.4404
1360     10.2155
1361     10.0321
1362      10.223
1363     10.1655
1364     10.1065
1365      10.013
1366     9.78502
1367     9.54766
1368     9.51526
1369     9.58478
1370     9.43006
1371     9.55266
1372     9.68967
1373     9.68196
1374     9.74999
1375     9.90839
1376     9.74469
1377     9.94864
1378     9.98112
1379     9.85529
1380      9.8404
1381     9.83111
1382     9.74411
1383      9.8899
1384     10.0256
1385     9.77965
1386     9.74763
1387     9.63835
1388     9.53137
1389     9.44977
1390     9.34937
1391     9.36186
1392     9.31826
1393     9.20843
1394     9.12951
1395     9.06388
1396     9.20486
1397     9.28686
1398     9.32324
1399     9.37129
1400     9.35389
1401     9.41199
1402     9.22801
1403     9.31958
1404     9.20575
1405     9.29474
1406       9.324
1407     9.18159
1408     9.12156
1409     9.03984
1410     9.30954
1411     9.24163
1412     9.29201
1413     9.10604
1414     9.02827
1415     8.94406
1416     8.94258
1417     9.07183
1418     9.11611
1419     8.94052
1420     8.80454
1421     8.80652
1422     8.69737
1423     8.65498
1424     8.61381
1425     8.68912
1426     8.77484
1427      8.7008
1428     8.92232
1429     8.80569
1430     8.63174
1431     8.58239
1432     8.45526
1433     8.39785
1434     8.48962
1435     8.61323
1436      8.6173
1437     8.61301
1438     8.51902
1439     8.36659
1440     8.35339
1441     8.17231
1442      8.4743
1443     8.42303
1444     8.23949
1445     8.42479
1446     8.43867
1447     8.31588
1448     8.50257
1449     8.42949
1450     8.55629
1451     8.43206
1452     8.38831
1453      8.3301
1454     8.40325
1455     8.33443
1456      8.3251
1457     8.45361
1458     8.30232
1459     8.26399
1460     8.35523
1461     8.43165
1462      8.5218
1463     8.37595
1464     8.55389
1465     8.60008
1466     8.64626
1467      8.6629
1468      8.5737
1469     8.63336
1470     8.60232
1471     8.55129
1472     8.53219
1473     8.50432
1474     8.53667
1475     8.55477
1476     8.37453
1477     8.37526
1478     8.32384
1479     8.30881
1480     8.23689
1481     8.26218
1482     8.01509
1483     7.99895
1484     7.99165
1485     7.95184
1486     8.07116
1487     8.06585
1488     8.19004
1489     8.30447
1490     8.33792
1491     8.38086
1492     8.19791
1493     8.12078
1494     8.06737
1495     8.15026
1496      8.2446
1497     8.29734
1498     8.36521
1499     8.23001
1500     8.08686
1501     8.03893
1502       8.051
1503     8.03747
1504     8.03436
1505     7.91727
1506     7.92826
1507     7.94618
1508     7.89217
1509     7.99683
1510     8.11248
1511     8.08759
1512     8.28249
1513     8.49083
1514     8.45002
1515     8.39391
1516     8.30364
1517     8.34237
1518     8.48694
1519     8.43217
1520     8.40608
1521     8.30264
1522     8.27207
1523       8.243
1524     8.41602
1525     8.28581
1526     8.21408
1527      8.1203
1528      8.0395
1529     8.04748
1530     8.13071
1531     8.40084
1532     8.44995
1533     8.72782
1534     8.82949
1535     8.84581
1536     9.08801
1537     9.29267
1538     9.16023
1539     9.39762
1540     9.19566
1541     9.12935
1542     9.05765
1543      8.8506
1544     8.76214
1545     8.59472
1546     8.35846
1547     8.27379
1548     8.45893
1549     8.46334
1550     8.28943
1551     8.23894
1552     8.20481
1553     8.32634
1554     8.45878
1555     8.43796
1556     8.28329
1557      8.4498
1558     8.29542
1559     8.22239
1560     8.09564
1561     8.13225
1562     8.13974
1563     8.07869
1564     8.17977
1565     8.20374
1566     8.35464
1567     8.29109
1568     8.35713
1569     8.38775
1570      8.4147
1571      8.6119
1572      8.8293
1573     8.72972
1574     8.81902
1575     8.63828
1576      8.6724
1577     8.54163
1578     8.49043
1579      8.2705
1580     8.14262
1581     8.08571
1582     8.19392
1583     8.18202
1584     8.22917
1585     8.31941
1586      8.1967
1587     8.32943
1588     8.48317
1589     8.35358
1590      8.2571
1591     8.40723
1592     8.29785
1593     8.41832
1594     8.47206
1595     8.50828
1596     8.49459
1597     8.71306
1598     8.67391
1599     8.59081
1600     8.49258
1601     8.53805
1602     8.58249
1603     8.45648
1604     8.28393
1605     8.19575
1606     8.11424
1607     8.33253
1608     8.23765
1609     8.35998
1610     8.48725
1611     8.37953
1612      8.3924
1613     8.31791
1614     8.34449
1615     8.42197
1616     8.44799
1617     8.35053
1618     8.50186
1619     8.56029
1620      8.7429
1621     8.84013
1622     8.82937
1623     8.67943
1624     8.57967
1625     8.60457
1626     8.50032
1627     8.32309
1628     8.69766
1629     8.60284
1630     8.53054
1631     8.36563
1632     8.42124
1633      8.4483
1634     8.59599
1635     8.54976
1636     8.33814
1637      8.2509
1638     8.23595
1639     8.30331
1640     8.30489
1641      8.2196
1642     8.29375
1643     8.18175
1644     8.08522
1645     7.92667
1646     7.96318
1647     8.15773
1648     8.28222
1649      8.3632
1650     8.39379
1651      8.7799
1652     8.76595
1653     9.11186
1654     8.99875
1655     8.98953
1656     9.30761
1657     9.25257
1658      9.3369
1659     9.10253
1660      9.1878
1661     9.04934
1662      8.9706
1663     9.39528
1664     9.44276
1665     9.47434
1666     9.40925
1667     9.31658
1668     9.14202
1669     9.06404
1670     9.34824
1671     9.14699
1672     9.01732
1673     9.04571
1674     9.11595
1675     9.10567
1676     8.96294
1677     8.87517
1678     8.79846
1679     8.65784
1680      8.6399
1681     8.49487
1682     8.38691
1683     8.29457
1684      8.2259
1685     8.02782
1686      8.0729
1687     8.45265
1688      8.4929
1689     8.43895
1690     8.59209
1691     8.48246
1692     8.43614
1693     8.67302
1694     8.84931
1695     8.84215
1696     8.79979
1697      8.7633
1698     8.66664
1699     8.60855
1700     8.50123
1701     8.60309
1702     8.46085
1703     8.68383
1704     8.76402
1705       8.737
1706     8.92216
1707     8.77845
1708     8.94988
1709     8.99269
1710     8.81043
1711      8.8298
1712     8.66809
1713     8.61388
1714     8.72332
1715     8.66481
1716     8.67303
1717     8.68768
1718     8.54615
1719     8.64622
1720     8.80147
1721      8.6944
1722     8.71374
1723     8.52042
1724     8.55853
1725      8.6405
1726     8.54336
1727     8.78457
1728     8.84014
1729     8.88412
1730     8.97838
1731      8.9788
1732     8.71567
1733     8.50849
1734     8.55925
1735     8.50739
1736     8.65218
1737     8.73255
1738     8.70443
1739     8.69643
1740     8.62023
1741      8.4946
1742     8.44412
1743     8.57163
1744     8.95514
1745     8.97315
1746     8.78031
1747     8.78744
1748       8.673
1749     8.87834
1750     9.10965
1751      9.4715
1752     9.44402
1753     9.25194
1754     9.32077
1755     9.34933
1756     9.14516
1757     9.05097
1758     9.13108
1759     9.03551
1760     9.04734
1761      8.9164
1762     9.20641
1763      9.1838
1764     9.07955
1765     8.82197
1766     8.92372
1767      8.8699
1768     8.78089
1769     8.90719
1770     8.82436
1771     8.82061
1772     8.82655
1773     8.61945
1774     8.64905
1775     8.51171
1776     8.81943
1777     8.78671
1778     8.58958
1779     8.46022
1780     8.56413
1781     8.73525
1782     8.95704
1783      8.9298
1784     8.82769
1785      8.7306
1786     8.80189
1787     8.80474
1788     8.94247
1789     8.80385
1790     8.70494
1791       8.507
1792     8.52744
1793     8.63871
1794     8.56653
1795     8.40398
1796     8.43467
1797     8.38847
1798     8.55201
1799     8.50517
1800     8.36638
1801     8.50033
1802     8.54311
1803     8.68046
1804     8.68346
1805     8.67637
1806     8.56547
1807     8.54515
1808     8.39447
1809     8.40838
1810     8.44611
1811     8.37562
1812     8.36885
1813      8.6909
1814     8.46682
1815     8.37787
1816     8.39059
1817     8.30559
1818     8.29317
1819     8.56459
1820     8.27071
1821     8.15808
1822     8.14881
1823     8.22419
1824     8.36739
1825     8.36739
1826     8.31553
1827     8.42617
1828     8.74633
1829     8.74672
1830     8.75452
1831     8.69683
1832     8.60316
1833     8.50819
1834     8.54673
1835     8.52766
1836     8.47532
1837     8.55844
1838     8.55365
1839      8.5373
1840     8.41473
1841     8.41578
1842     8.40461
1843     8.35435
1844     8.39557
1845     8.41899
1846     8.21687
1847     8.08635
1848     8.34399
1849     8.45085
1850     8.45422
1851     8.51625
1852     8.58233
1853     8.68252
1854     8.49709
1855     8.32609
1856     8.31451
1857     8.41121
1858     8.43247
1859     8.28936
1860     8.16748
1861     8.12492
1862     8.40227
1863     8.35283
1864     8.36564
1865     8.49479
1866     8.41337
1867     8.51932
1868     8.53987
1869     8.55983
1870     8.50757
1871     8.48952
1872     8.36538
1873     8.34061
1874     8.36795
1875     8.58299
1876     8.56958
1877     8.37909
1878      8.3522
1879     8.33613
1880      8.2712
1881     8.27198
1882     8.18165
1883     8.23353
1884     8.43018
1885     8.41744
1886     8.39297
1887     8.40265
1888     8.35625
1889     8.37646
1890     8.22677
1891     8.27216
1892      8.5041
1893     8.34525
1894      8.3093
1895     8.36525
1896     8.40015
1897     8.40404
1898     8.35058
1899     8.40865
1900      8.2229
1901     8.14078
1902     8.24552
1903     8.05746
1904     8.08803
1905     8.03137
1906     8.00209
1907     8.26343
1908     8.35057
1909     8.23983
1910     8.32585
1911     8.26861
1912     8.26524
1913     8.20164
1914     8.22541
1915     8.05249
1916     8.21358
1917     8.37092
1918     8.31677
1919     8.36358
1920     8.48745
1921     8.51055
1922     8.57646
1923      8.6343
1924     8.65479
1925     8.53753
1926     8.35743
1927     8.42976
1928     8.31354
1929     8.12915
1930     8.15887
1931     8.31351
1932     8.40263
1933     8.53075
1934     8.48492
1935     8.41471
1936     8.39346
1937     8.39967
1938     8.55927
1939     8.48461
1940     8.56395
1941     8.80173
1942     8.78338
1943     8.68857
1944     8.72634
1945     8.68184
1946     8.68503
1947     8.74007
1948     9.03795
1949     8.97933
1950      8.8265
1951     8.91401
1952     8.70765
1953      8.6289
1954     8.53422
1955     8.41614
1956     8.44175
1957     8.42058
1958     8.50477
1959      8.6572
1960     8.69324
1961     8.76286
1962     8.63437
1963     8.48826
1964     8.36632
1965     8.56745
1966     8.63041
1967     8.86425
1968     8.93286
1969     8.74139
1970     8.62474
1971      9.0357
1972     9.08982
1973     9.14639
1974     9.39248
1975     9.40596
1976     9.38793
1977     9.45675
1978     9.25395
1979     8.84508
1980      8.9295
1981     9.07271
1982     9.04017
1983     8.93377
1984      8.8283
1985     8.70975
1986     8.69007
1987     8.59684
1988     8.75664
1989     8.83853
1990      8.8118
1991     8.80783
1992     8.78738
1993     8.98809
1994     8.78343
1995      8.5955
1996     8.70677
1997     8.66619
1998     8.76532
1999     8.83919
2000     8.98098
2001     8.81545
2002     8.78648
2003     8.56677
2004     8.92717
2005     8.98602
2006     9.05961
2007     8.93316
2008     8.81552
2009     8.79199
2010     8.71718
2011     8.58823
2012     8.36284
2013     8.23185
2014      8.4652
2015     8.51318
2016     8.59206
2017     8.47452
2018     8.35683
2019       8.257
2020     8.44236
2021     8.54983
2022     8.49023
2023     8.34859
2024     8.28326
2025        8.16
2026     8.20471
2027     8.36373
2028     8.56578
2029     8.44223
2030     8.61354
2031     8.51967
2032     8.63353
2033      8.6817
2034     8.54345
2035     8.54044
2036     8.42409
2037     8.52571
2038     8.49519
2039     8.42369
2040     8.61695
2041     8.67993
2042     8.69455
2043     8.57684
2044     8.44358
2045     8.44418
2046     8.38926
2047     8.29168
2048     8.33922
2049     8.13193
2050     8.21996
2051     8.18416
2052     8.27947
2053     8.16674
2054     8.13501
2055     8.25018
2056     8.17351
2057     8.11076
2058     8.18149
2059     8.28269
2060     8.49541
2061     8.75485
2062     8.75101
2063     8.82821
2064      8.8014
2065     8.89162
2066     8.86928
2067     8.92527
2068     9.22254
2069     9.24124
2070     9.14405
2071     9.22492
2072     9.28073
2073     9.37404
2074     9.25782
2075     9.23252
2076     9.15657
2077       9.012
2078     8.90305
2079     8.73277
2080     8.77205
2081     8.86968
2082     8.82633
2083     9.02317
2084     9.11678
2085     9.29349
2086     9.30043
2087     9.11486
2088     8.90202
2089     8.85888
2090      8.7801
2091      8.7782
2092     8.76667
2093     8.94857
2094     8.87555
2095     8.64289
2096     8.52939
2097     8.42186
2098     8.35838
2099     8.35333
2100     8.40577
2101     8.57089
2102     8.45534
2103     8.33963
2104     8.41225
2105     8.37224
2106     8.18333
2107     8.03825
2108     7.96145
2109     8.02124
2110     8.03624
2111     7.97758
2112     7.87845
2113     7.92906
2114     8.10525
2115     8.01932
2116     8.02942
2117     8.00669
2118       8.135
2119     8.10585
2120     8.41875
2121     8.44526
2122     8.51979
2123     8.57906
2124     8.43474
2125     8.41116
2126     8.32363
2127     8.14589
2128     8.07436
2129     8.04943
2130     8.20755
2131     8.34203
2132     8.47834
2133     8.36934
2134      8.1132
2135     8.06304
2136     7.99139
2137     7.92633
2138     8.02397
2139     8.02347
2140      8.0578
2141     8.07251
2142     7.97804
2143     7.92612
2144     7.97812
2145     8.10116
2146     8.15626
2147     8.04925
2148     8.00137
2149     8.06909
2150     7.94789
2151     7.85521
2152     7.96698
2153     7.93016
2154     7.84264
2155     7.66529
2156     7.66444
2157     7.66657
2158     7.84248
2159     7.72048
2160     7.95318
2161     7.79147
2162     7.90902
2163     8.05344
2164     8.13208
2165     8.11989
2166     8.06106
2167     7.96937
2168     7.92872
2169     7.76266
2170     7.89653
2171     7.98281
2172     7.96529
2173     8.17597
2174     8.13051
2175     8.32182
2176     8.47991
2177     8.73788
2178     8.70867
2179     8.57198
2180     8.51345
2181      8.6643
2182     8.77719
2183     8.76165
2184     8.76656
2185     8.74929
2186     8.64404
2187     8.49919
2188     8.54798
2189     8.61478
2190     8.46503
2191     8.32198
2192     8.19441
2193     8.07887
2194     8.02287
2195     7.92024
2196     7.75727
2197     7.87059
2198     7.78454
2199     7.93441
2200     7.80598
2201     7.90638
2202     7.91479
2203     7.75845
2204     7.94533
2205     8.05841
2206     7.98869
2207      8.1465
2208     8.23662
2209     8.18277
2210     8.35401
2211     8.29389
2212     8.49263
2213     8.32831
2214     8.31036
2215     8.32619
2216     8.25408
2217     8.54425
2218     8.53514
2219     8.57849
2220     8.77688
2221      8.6444
2222     8.60494
2223     8.64939
2224     8.69757
2225     8.77212
2226     8.59551
2227     8.36668
2228      8.4765
2229     8.44618
2230     8.39276
2231     8.29287
2232     8.28324
2233      8.2022
2234     8.32472
2235     8.41688
2236     8.41945
2237       8.435
2238     8.31154
2239     8.34035
2240     8.55967
2241     8.48547
2242     8.74931
2243     8.77558
2244     8.91866
2245     8.75606
2246     8.77298
2247     8.57343
2248     8.44961
2249     8.33492
2250     8.29646
2251     8.35401
2252      8.3708
2253     8.34594
2254     8.70858
2255     8.66027
2256     8.43507
2257     8.42936
2258     8.46854
2259     8.42025
2260     8.61333
2261     8.57703
2262     8.52867
2263     8.64256
2264     8.62541
2265     8.60831
2266      8.5845
2267     8.66792
2268     8.67557
2269     8.74641
2270      8.4343
2271     8.56041
2272     8.45877
2273     8.37885
2274     8.25135
2275     8.32972
2276     8.41545
2277      8.4391
2278     8.35064
2279     8.33585
2280     8.24924
2281     8.22434
2282     8.13671
2283     8.15418
2284     8.12196
2285     8.09269
2286     8.08896
2287     8.48969
2288     8.62052
2289     8.73865
2290      8.8314
2291     8.78328
2292     8.79109
2293     8.89448
2294     8.97926
2295     8.76314
2296     8.77777
2297      8.8547
2298     8.85113
2299     8.60679
2300     8.54717
2301     8.45287
2302     8.62586
2303     8.40206
2304     8.28998
2305     8.26847
2306     8.18311
2307     7.98129
2308     8.12455
2309     7.95722
2310     8.04467
2311     7.91245
2312     7.89648
2313     7.97921
2314     8.08179
2315      8.3101
2316     8.25439
2317      8.2036
2318     8.18169
2319     8.17161
2320     8.38531
2321     8.35729
2322     8.37093
2323     8.36952
2324     8.23501
2325     8.10727
2326     8.04872
2327     7.99321
2328     7.96033
2329     7.84818
2330     7.85754
2331     8.06015
2332     7.95066
2333     7.87943
2334     8.02739
2335     7.94512
2336     7.94306
2337      7.8891
2338     7.76382
2339     7.72359
2340       7.922
2341     7.83963
2342     7.80183
2343     7.95913
2344      8.0391
2345      8.1019
2346     8.22158
2347     8.08134
2348     7.94593
2349     7.92154
2350     8.09745
2351     8.08978
2352     7.87011
2353     7.79042
2354     7.71366
2355     7.70445
2356     7.96878
2357     7.97762
2358     7.89146
2359     7.71157
2360     7.88317
2361     7.85592
2362     7.92642
2363     7.85092
2364     7.93681
2365     7.93612
2366     7.98835
2367     7.88231
2368     7.78965
2369     7.87432
2370     7.66523
2371     7.62314
2372     7.69962
2373     7.62501
2374     7.67093
2375     7.66064
2376     7.59412
2377     7.49827
2378     7.51817
2379     7.61669
2380     7.57284
2381     7.64179
2382     7.52751
2383     7.68767
2384     7.61159
2385     7.74634
2386     7.81668
2387     7.83843
2388     7.72874
2389     7.72755
2390      7.5601
2391     7.49044
2392     7.59172
2393     7.59146
2394     7.62453
2395     7.77437
2396     7.80635
2397     7.90576
2398     7.81931
2399     7.97539
2400     8.06097
2401     8.04831
2402     7.97026
2403     7.86025
2404     7.89426
2405     8.23057
2406     8.34226
2407     8.61653
2408     8.50814
2409     8.48916
2410     8.41296
2411     8.47942
2412     8.41367
2413     8.30521
2414     8.48925
2415     8.36931
2416     8.44539
2417     8.27601
2418     8.42194
2419     8.37984
2420     8.23082
2421     8.28964
2422     8.17668
2423     8.18848
2424     8.32086
2425      8.4057
2426     8.47815
2427     8.55996
2428     8.51905
2429     8.55809
2430     8.46245
2431     8.38636
2432     8.38351
2433     8.46973
2434     8.33407
2435      8.3187
2436     8.20071
2437     8.17065
2438     8.18876
2439     8.13492
2440     8.07007
2441     8.05819
2442     7.96183
2443     7.76427
2444     7.62023
2445      7.8029
2446     8.03827
2447     8.06234
2448     8.04549
2449     7.97925
2450      7.8969
2451     7.92078
2452     7.95089
2453     7.82085
2454      7.8841
2455     7.68386
2456     7.81247
2457     7.96757
2458     8.19596
2459     8.32404
2460     8.34247
2461     8.31887
2462     8.20695
2463     8.18399
2464     8.22525
2465      8.1358
2466     8.02059
2467     8.21938
2468     8.11508
2469     7.89475
2470     8.07837
2471      7.9309
2472      7.8427
2473      7.8268
2474     8.06498
2475     8.22939
2476     8.27563
2477     8.14786
2478     7.92918
2479     7.94243
2480     7.97616
2481       8.211
2482     8.10824
2483     8.27746
2484     8.16519
2485     8.26404
2486     8.29535
2487     8.36817
2488     8.16205
2489     8.22592
2490     8.15748
2491     8.01331
2492     8.30279
2493      8.1412
2494      8.2083
2495     8.19354
2496     8.14846
2497     8.06665
2498     8.08494
2499     7.99385
2500     8.06197
2501     8.08984
2502     8.33856
2503     8.47007
2504     8.46016
2505     8.50909
2506     8.41584
2507     8.30756
2508      8.5203
2509     8.49585
2510     8.57533
2511     8.52218
2512     8.32846
2513     8.41744
2514     8.52583
2515     8.28261
2516     8.24827
2517     8.25928
2518     8.18841
2519     8.07383
2520      8.2353
2521     8.27254
2522     8.52175
2523     8.35906
2524     8.37255
2525     8.39861
2526     8.27883
2527     8.40557
2528     8.41211
2529     8.47195
2530       8.464
2531     8.66939
2532      8.5262
2533     8.66981
2534      8.6819
2535     8.76559
2536     8.75952
2537     9.02795
2538     9.05723
2539     8.86854
2540     8.87912
2541     8.73258
2542     8.66244
2543     8.88389
2544     8.84243
2545     8.66872
2546     8.78167
2547     8.65981
2548     8.70744
2549     8.89982
2550     8.87339
2551     8.79096
2552     8.52258
2553     8.60103
2554     8.42993
2555     8.18054
2556      8.1505
2557     8.01195
2558     8.03228
2559     8.00818
2560     7.96258
2561     8.20703
2562     8.09315
2563     8.16028
2564     8.13351
2565     8.39991
2566     8.40907
2567     8.57706
2568     8.35447
2569     8.40237
2570     8.53014
2571     8.54835
2572     8.58272
2573     8.37867
2574     8.32372
2575     8.20731
2576     8.17887
2577     8.08298
2578     8.10443
2579     8.17938
2580     8.29491
2581     8.41543
2582     8.35226
2583     8.61996
2584     8.52397
2585     8.41414
2586     8.23579
2587     8.23678
2588     8.24844
2589      8.2683
2590     8.18348
2591     8.31849
2592     8.38836
2593     8.39774
2594     8.43884
2595     8.36161
2596     8.25147
2597     8.25474
2598     8.64447
2599     9.07997
2600     9.28653
2601     9.25982
2602     9.32506
2603     9.37637
2604      9.5572
2605     9.50791
2606     9.54132
2607     9.38868
2608     9.31572
2609     9.13121
2610     8.92163
2611     8.95036
2612     8.98831
2613     8.91867
2614     8.79127
2615     8.80027
2616     8.99795
2617     8.88398
2618     8.79089
2619     9.08732
2620     8.85002
2621     8.90469
2622     9.09578
2623     8.84217
2624     8.77792
2625     8.80084
2626     8.84338
2627     8.84378
2628     8.72062
2629     8.72714
2630     8.67026
2631     8.60398
2632     8.61444
2633     8.47588
2634     8.61505
2635      8.9046
2636      8.9484
2637     8.92283
2638     9.01657
2639     9.34188
2640      9.1309
2641      9.1074
2642     9.00623
2643     9.07351
2644     9.22955
2645     9.28877
2646     9.19417
2647     9.06642
2648     9.26196
2649     9.38028
2650     9.36119
2651     9.36286
2652     9.25558
2653     8.86483
2654     8.99562
2655     8.99487
2656     8.84638
2657     8.67063
2658     8.57774
2659     8.68506
2660     8.72055
2661     8.45538
2662     8.38262
2663     8.67631
2664     8.70211
2665     8.47429
2666     8.77124
2667     8.48449
2668     8.35467
2669     8.55901
2670     8.51856
2671     8.64508
2672      8.6039
2673     8.63828
2674     8.53469
2675     8.47935
2676     8.32515
2677     8.23331
2678     8.34559
2679     8.40241
2680     8.50228
2681     8.70762
2682     8.83021
2683     8.69246
2684     8.45293
2685     8.45182
2686     8.23851
2687     8.12311
2688     8.04539
2689     8.36301
2690     8.32934
2691     8.21511
2692     8.10401
2693     7.97791
2694     8.00009
2695     7.94686
2696     8.06584
2697     7.85585
2698     7.80381
2699     8.00358
2700     7.88561
2701      7.9447
2702     7.93351
2703     8.22388
2704     8.23136
2705     8.29338
2706     8.19491
2707     8.32924
2708     8.24679
2709     8.35597
2710     8.26444
2711     8.32231
2712     8.22652
2713     8.16228
2714     8.32256
2715     8.49464
2716     8.65179
2717     8.64276
2718     8.55372
2719      8.5993
2720     8.68847
2721     8.86131
2722     9.08204
2723     9.13892
2724     9.04482
2725     8.97835
2726     8.86523
2727       8.825
2728     8.67827
2729      8.4238
2730     8.36633
2731     8.37534
2732      8.4817
2733     8.59207
2734     8.55132
2735     9.02453
2736     8.93792
2737     8.88627
2738     8.94236
2739     8.92792
2740     8.90052
2741     9.00344
2742      9.1493
2743     9.29917
2744     9.14984
2745     9.11939
2746     8.96754
2747     8.83318
2748     8.88378
2749     8.64063
2750     8.70642
2751     8.70762
2752     8.77457
2753     8.69078
2754     8.51716
2755     8.37024
2756      8.3357
2757     8.24028
2758     8.18056
2759     8.01862
2760     8.15804
2761     8.09245
2762     7.80418
2763     7.82482
2764     7.81735
2765      7.7381
2766     7.94663
2767     8.01224
2768     7.87204
2769     8.27851
2770     8.33742
2771         8.3
2772     8.28718
2773     8.41201
2774      8.3867
2775     8.33134
2776     8.31874
2777     8.34396
2778     8.31582
2779     8.44942
2780     8.64963
2781     8.46185
2782     8.46298
2783     8.35752
2784     8.32969
2785     8.32862
2786     8.44846
2787     8.59921
2788     8.96429
2789     8.87516
2790     8.84807
2791     8.72543
2792     8.58665
2793     8.70656
2794      8.5575
2795     8.69666
2796      8.6032
2797     8.72541
2798     8.52427
2799     8.68293
2800     8.56311
2801     8.50119
2802     8.31078
2803     8.26835
2804     8.16125
2805     8.16875
2806      8.1061
2807     8.05164
2808     8.13757
2809     8.02747
2810     8.13072
2811     8.29492
2812     8.35088
2813     8.27529
2814      8.4439
2815     8.29492
2816     8.19647
2817     8.15189
2818     8.23166
2819     8.07874
2820     8.24852
2821     8.36044
2822     8.38983
2823     8.36878
2824     8.40142
2825     8.47866
2826     8.22691
2827     8.19315
2828     8.25971
2829     8.33396
2830     8.45925
2831     8.55856
2832     8.42595
2833     8.50965
2834      8.3206
2835     8.18318
2836     8.15316
2837      8.3175
2838     8.20896
2839     8.36899
2840     8.20918
2841     8.23329
2842     8.28231
2843     8.22835
2844     8.11702
2845     8.10474
2846     8.11546
2847     8.19318
2848     8.42663
2849     8.29073
2850     8.30717
2851     8.26983
2852     8.24167
2853     8.20219
2854     8.13993
2855     8.22135
2856     8.29092
2857     8.31383
2858     8.21746
2859     8.27606
2860     8.10207
2861     8.11419
2862     8.06817
2863     8.14643
2864     7.94239
2865     7.96614
2866     7.95739
2867      7.7798
2868      7.6671
2869     7.58934
2870     7.52617
2871     7.47979
2872     7.39317
2873      7.2968
2874     7.69001
2875      7.4995
2876     7.53235
2877     7.53309
2878     7.51253
2879      7.6978
2880     7.62695
2881      7.7677
2882     7.77559
2883     7.47889
2884     7.52728
2885      7.4014
2886     7.31814
2887     7.25282
2888     7.20259
2889     7.12076
2890     7.30552
2891     7.31837
2892     7.61718
2893     7.57897
2894     7.69688
2895     7.65408
2896     7.57568
2897     7.64641
2898     7.49966
2899     7.39694
2900     7.32439
2901     7.23298
2902     7.20666
2903      7.1939
2904     7.16889
2905     7.32337
2906     7.31951
2907     7.60125
2908     7.53672
2909     7.72444
2910     7.87818
2911     8.02516
2912     8.10474
2913     7.96665
2914      7.8019
2915     7.91431
2916      7.8702
2917     7.83876
2918     8.23116
2919     8.42517
2920     8.42521
2921     8.51377
2922     8.67552
2923     8.50157
2924     8.36279
2925     8.42461
2926     8.28913
2927     8.36864
2928     8.46778
2929     8.41624
2930     8.38999
2931      8.7243
2932     8.56778
2933     8.43598
2934     8.58591
2935     8.53526
2936     8.67481
2937     8.56708
2938     8.38687
2939     8.41796
2940     8.34074
2941     8.34534
2942       8.274
2943     8.24561
2944     8.30094
2945     8.07114
2946     8.10102
2947     8.13073
2948      8.1492
2949     8.04013
2950     8.07084
2951     7.86566
2952     7.70213
2953     7.78497
2954     7.71712
2955       7.789
2956      8.0068
2957     8.01398
2958     7.98326
2959      8.0252
2960     7.96397
2961      8.1634
2962     8.05284
2963     7.96305
2964     8.03688
2965     8.12942
2966     8.15139
2967     7.97376
2968      7.9294
2969     7.85911
2970     7.66564
2971     7.79469
2972     7.75515
2973     8.00198
2974     8.21917
2975     8.30945
2976     8.06326
2977     8.04194
2978     8.00358
2979     7.95305
2980     8.01605
2981     7.92359
2982     7.96134
2983     8.04386
2984     8.32885
2985     8.27799
2986     8.43034
2987     8.21747
2988      8.2312
2989     8.42389
2990     8.51758
2991     8.41295
2992     8.73732
2993     8.80434
2994     8.66266
2995     8.68101
2996     8.42041
2997      8.3497
2998     8.36029
2999     8.38204
