0     32.2533
1     32.2533
2     32.2533
3     32.2533
4     32.2271
5     32.2271
6     31.2636
7     31.2636
8     29.5699
9     29.5699
10     28.0816
11     28.0816
12     28.0816
13     28.0816
14     28.0816
15     28.0816
16     28.0816
17     28.0816
18     28.0816
19     28.0816
20     28.0816
21     28.0816
22     28.0816
23     27.1316
24     27.1316
25     27.1316
26     27.1316
27     27.1316
28     27.1316
29     26.2264
30     26.2264
31     26.2264
32      26.216
33      26.216
34      26.216
35      26.216
36      26.216
37      26.216
38      26.216
39      26.216
40      26.216
41      26.216
42      26.216
43      26.216
44      26.216
45      26.216
46      26.216
47      26.216
48     25.5017
49     25.5017
50     25.5017
51     25.4995
52     25.4995
53     25.4995
54     25.1389
55     25.1389
56     25.1389
57     25.1389
58     25.1389
59     25.1389
60     25.1389
61     25.1389
62     25.1389
63     25.1389
64     25.1389
65     25.0176
66     25.0176
67     25.0176
68     24.3578
69     24.3578
70     24.3578
71     24.3578
72     24.3578
73     24.3578
74     24.3578
75     24.3578
76     24.3578
77     24.1137
78     24.1137
79     24.1137
80     24.1134
81     24.1134
82     24.1134
83     24.1134
84     22.5112
85     22.5112
86     22.5112
87     22.4804
88     22.4804
89     22.4804
90     22.4804
91     22.4804
92     22.4804
93     22.4804
94     22.4804
95     22.4804
96     22.4804
97     22.4804
98     22.4804
99     22.4804
100     22.4804
101     22.3982
102     22.3982
103     22.2602
104     22.2602
105     22.2602
106     22.2602
107     22.2602
108     22.2602
109     22.2602
110     22.2602
111     20.9689
112     20.9689
113     19.9838
114     19.9838
115     19.9838
116     19.9838
117     19.9838
118     19.9838
119     19.9838
120     19.9838
121     19.9838
122     19.9838
123     19.9838
124     19.9838
125     19.9838
126     19.9838
127     19.9812
128     19.9812
129     19.9812
130     19.9812
131     19.9812
132     19.9812
133     19.9812
134     19.9812
135     19.9812
136     19.9812
137     19.9812
138     19.9812
139     19.9812
140     19.9812
141     19.9812
142     19.9812
143     19.9743
144     19.9743
145     19.9743
146     19.9721
147     19.8397
148     19.8397
149     19.8397
150     19.8397
151     19.4826
152     19.4826
153     19.4826
154     17.9072
155     17.9072
156     17.9072
157     17.9072
158     17.9072
159     17.9072
160     17.9072
161     17.9072
162     17.9072
163     17.9072
164     17.9072
165     17.9072
166     17.9072
167     17.9072
168     17.9072
169     17.9072
170     17.9072
171     17.9072
172     17.9072
173     17.9072
174     17.9072
175     17.9072
176     17.9072
177     17.9072
178     17.9072
179     17.9072
180     17.9072
181     17.9072
182     17.9072
183      15.721
184      15.721
185      15.721
186      15.721
187      15.721
188      15.721
189      15.721
190      15.721
191      15.721
192      15.721
193     15.4134
194     15.3712
195     15.3712
196     15.3712
197     15.3712
198     15.3712
199     15.3712
200     15.3712
201     15.3712
202     15.3712
203     15.3712
204     15.3712
205     15.3712
206     15.3712
207     15.3712
208     15.3712
209     15.3712
210     15.3712
211     15.3712
212     15.3712
213     15.3712
214     15.3712
215     15.3712
216     15.3712
217     15.3712
218     15.3712
219     15.3712
220     15.3712
221     14.7775
222     14.7775
223     14.7775
224     14.7775
225     14.7775
226     14.7775
227     14.7775
228     14.7775
229     14.5798
230     14.5798
231     14.5798
232     14.5798
233     14.1083
234     14.1083
235     14.1083
236     14.1083
237     14.1083
238     14.1083
239     14.1083
240     14.1083
241     14.1083
242     14.1083
243     14.1083
244     14.1083
245     14.1083
246     14.1083
247     14.1083
248     14.1083
249     14.1083
250      13.807
251      13.807
252      13.807
253      13.807
254      13.807
255      13.807
256      13.807
257      13.807
258      13.807
259      13.807
260      13.807
261      13.807
262      13.807
263      13.807
264      13.807
265      13.807
266      13.807
267      13.807
268      13.807
269      13.807
270      13.807
271      13.807
272      13.807
273      13.807
274      13.807
275      13.807
276      13.807
277      13.807
278      13.807
279      13.807
280      13.807
281      13.807
282      13.807
283      13.807
284      13.807
285      13.807
286      13.807
287      13.807
288      13.807
289      13.807
290     12.6632
291     12.6632
292     12.6632
293     12.6632
294     12.6632
295     12.6632
296     12.6632
297     12.6632
298     12.6632
299     12.6632
300     12.6632
301     12.6632
302     12.6632
303     12.6632
304     12.6269
305     12.6269
306     12.6269
307     12.5918
308     12.5918
309     12.5918
310     12.5918
311     12.5918
312     12.5918
313     12.3234
314     12.3234
315     12.2797
316     12.2797
317      12.216
318      12.216
319      12.216
320      12.216
321      12.216
322      12.216
323      12.216
324      12.216
325      12.216
326      12.216
327      12.216
328      12.216
329      12.216
330      12.216
331      12.216
332      12.216
333      12.216
334     12.1446
335     12.1446
336     12.1446
337     12.1446
338     12.1446
339     12.1446
340     12.1446
341     12.1446
342     12.1446
343     12.1446
344     12.1446
345     12.1446
346     12.1446
347     12.1446
348     12.1446
349     12.1446
350     12.1446
351     12.1446
352     12.1446
353     12.1446
354     12.1446
355     12.1446
356     12.1446
357     12.1446
358     12.1446
359     12.1446
360     12.1446
361     12.1446
362     12.1446
363     12.1446
364     12.1446
365     12.1446
366     12.1446
367     12.1446
368     12.1446
369     12.1446
370     12.1446
371     12.1357
372     11.8787
373     11.8787
374     11.8787
375     11.8787
376     11.8787
377     11.8787
378     11.8787
379     11.8787
380     11.8787
381     11.8787
382     11.8787
383     11.8787
384     11.8787
385     11.8787
386     11.8787
387     11.8658
388     11.8658
389     11.8658
390     11.8658
391     11.8658
392     11.8658
393     11.8658
394     11.8642
395     11.8642
396     11.8642
397     11.8642
398     11.8642
399     11.8642
400     11.8642
401     11.8642
402     11.8642
403     11.8642
404     11.8642
405     11.8642
406     11.8642
407     11.8642
408     11.8642
409     11.8642
410     11.8642
411     11.8642
412     11.8642
413     11.8642
414     11.8642
415     11.8642
416     11.8642
417     11.8642
418     11.8642
419     11.8642
420     11.8642
421     11.8642
422     11.8642
423     11.8642
424     11.8642
425     11.8642
426     11.8642
427     11.8642
428     11.8642
429     11.8642
430     11.8642
431     11.8642
432     11.8642
433     11.8642
434     11.8642
435     11.8642
436     11.8642
437     11.5354
438     11.5354
439     11.5354
440     11.5354
441     11.5354
442     11.3546
443     11.3546
444     11.3546
445     11.3546
446     11.3546
447     11.3546
448     11.3546
449     11.3546
450     11.3546
451     11.3546
452     11.3546
453     11.3546
454     11.3546
455     11.3546
456     11.3546
457     11.3546
458     11.3546
459     11.3546
460     11.3546
461     11.3546
462     11.3546
463     11.3331
464     11.3331
465     11.3331
466     11.3331
467     11.3331
468     11.3331
469     11.3331
470     11.3331
471     11.3331
472     11.3331
473     11.3331
474     11.3331
475     11.3331
476     11.3331
477     11.3331
478     11.3331
479     11.3331
480     11.3331
481     11.3331
482     11.3331
483     11.3331
484     11.3331
485     11.3331
486     11.3331
487     11.3331
488     11.3331
489     11.3331
490     11.3331
491     11.3331
492     11.3331
493     11.3331
494     11.3331
495     11.3331
496     11.3331
497     11.3331
498     11.3331
499     11.3331
500     11.3331
501     11.3331
502     11.3331
503     11.3331
504     11.3331
505     11.3331
506     11.3331
507     11.3331
508     11.3331
509     11.3331
510     11.3331
511     11.3331
512     11.3331
513     11.3331
514     11.3331
515     11.3331
516     11.3331
517     11.3331
518     11.3331
519     11.3331
520     11.3331
521     11.3331
522     11.3331
523     11.3331
524     11.3331
525     11.3331
526     11.3331
527     11.3331
528     11.3331
529     11.3331
530     11.3331
531     11.3331
532     11.3223
533     11.3223
534     11.3223
535     11.3223
536     11.3223
537     11.3223
538     11.3223
539     11.3223
540     11.3223
541     11.3223
542     11.3223
543     11.3223
544     11.3223
545     11.3223
546     11.3223
547     11.3223
548     11.3223
549     11.3223
550     11.3223
551     11.3223
552     11.3223
553     11.3223
554     11.3223
555     11.3223
556     11.3223
557     11.3223
558     11.3223
559     11.3223
560     11.3223
561     11.3223
562     11.3223
563     11.3223
564     11.3223
565     11.3223
566     11.3223
567     11.2873
568     11.2873
569     11.2873
570     11.2873
571     11.2873
572     11.2873
573     11.2873
574     11.2873
575     11.2873
576     11.2873
577     11.2873
578     11.2873
579     11.2873
580     11.2873
581     11.2873
582     11.2873
583     11.2873
584     11.2873
585     11.2873
586     11.2873
587     11.2873
588     11.2873
589     11.2873
590     11.2873
591     11.2873
592     11.2873
593     11.2873
594     11.2873
595     11.2873
596     11.2873
597     11.2873
598     11.2873
599     11.2873
600     11.2873
601     11.2873
602     11.2873
603     11.2873
604     11.2873
605     11.2873
606     11.2873
607     11.2873
608     11.2873
609     11.2873
610     11.2873
611     11.2873
612     11.2873
613     11.2873
614     11.2873
615     11.2873
616     11.2873
617     11.2873
618     11.2873
619     11.2873
620     11.2873
621     11.2873
622     11.2873
623     11.2598
624     11.2598
625     11.2598
626     11.2598
627     11.2598
628     11.2598
629     11.2598
630     11.2598
631     11.2598
632     11.2598
633     11.2598
634     11.2598
635     11.1599
636     11.1599
637     11.1599
638     11.1599
639     11.1599
640     11.1599
641     11.1599
642     11.1599
643     11.1599
644     11.1599
645     11.1599
646     11.1599
647     11.1599
648     11.1599
649     11.1599
650     11.1599
651     11.1599
652     11.1599
653     11.1599
654     11.1599
655     11.1599
656     11.1599
657     11.1599
658     11.1599
659     11.1599
660     11.1599
661     11.1599
662     11.1599
663     11.1599
664     11.1599
665     11.1599
666     11.1599
667     11.1599
668     11.1599
669     11.1599
670     11.1599
671     11.1599
672     11.1599
673     11.1599
674     11.1599
675     11.1599
676     11.1599
677     11.1599
678     11.1599
679     11.1599
680     11.1599
681     11.1599
682     11.1599
683     11.1599
684     11.1599
685     11.1599
686     11.1599
687     11.1599
688     11.1599
689     11.1599
690     11.1599
691     11.1599
692     11.1599
693     11.1599
694     11.1503
695     11.1503
696     11.1503
697     11.1503
698     11.1503
699     11.1503
700     11.1503
701     11.1503
702     11.1503
703     11.1503
704     11.1503
705     11.1503
706     11.1503
707     11.1503
708     11.1503
709     11.1503
710     11.1503
711     11.1503
712     11.1503
713     11.1503
714     11.1503
715     11.1503
716     11.1503
717     11.1503
718     11.1503
719     11.1503
720     11.1503
721     11.1503
722     11.1503
723     11.1503
724     11.1503
725     11.1503
726     11.1503
727     11.1503
728     11.1503
729     11.1503
730     11.1503
731     11.1503
732     11.1503
733     11.1503
734     11.1503
735     11.1503
736     11.1503
737     11.1503
738     11.1503
739     11.1503
740     11.1503
741     11.1503
742     11.1503
743     11.1503
744     11.1503
745     11.1503
746     11.1503
747     11.1503
748     11.1503
749     11.1503
750     11.1503
751     11.1503
752     11.1503
753     11.1503
754     11.1503
755     11.1503
756     11.1503
757     11.1503
758     11.1503
759     11.1503
760     11.1503
761     11.1503
762     11.1503
763     11.1503
764     11.1503
765     11.1503
766     11.1503
767     11.1503
768     11.1503
769     11.1503
770     11.1503
771     11.1259
772     11.1259
773     11.1259
774     11.1259
775     11.1259
776     11.1259
777     11.1259
778     11.1259
779     11.1259
780     11.1259
781     11.1259
782     11.1259
783     11.1259
784     11.1259
785     11.1259
786     11.1259
787     11.1259
788     11.1259
789     11.1259
790     11.1259
791     11.1259
792     11.1259
793     11.1259
794     11.1259
795     11.1259
796     11.1259
797     11.1259
798     11.1259
799     11.1259
800     11.1259
801     11.1259
802     11.1259
803     11.1259
804     11.1259
805     11.1259
806     11.1259
807     11.1259
808     11.1259
809     11.1259
810     11.1259
811     11.1259
812     11.1259
813     11.1259
814     11.1259
815     11.1259
816     11.1259
817     11.1259
818     11.1259
819     11.1259
820     11.1259
821     11.1259
822     11.1259
823     11.1259
824     11.1259
825     11.1259
826     11.1259
827     11.1259
828     11.1259
829     11.1259
830     11.1259
831     11.1259
832     11.1259
833     11.1259
834     11.1259
835     11.1259
836     11.1259
837     11.1259
838     11.1259
839     11.1259
840     11.1259
841     11.1259
842     11.1259
843     11.1259
844     11.1259
845     11.1259
846     11.1259
847     11.1259
848     11.1259
849     11.1259
850     11.1259
851     11.1259
852     11.1259
853     11.1259
854     11.1259
855     11.1259
856     11.1259
857     11.1259
858     11.1259
859     11.1259
860     11.1259
861     11.1259
862     11.1259
863     11.1259
864     11.1259
865     11.1259
866     11.1259
867     11.1259
868     11.1259
869     11.1259
870     11.1259
871     11.1259
872     11.1259
873     11.1259
874     11.1259
875     11.1259
876     11.1259
877     11.1259
878     11.1259
879     11.1259
880     11.1259
881     11.1259
882     11.1259
883     11.1259
884     11.1259
885     11.1259
886     11.1259
887     11.0297
888     11.0297
889     11.0297
890     11.0297
891     11.0297
892     11.0297
893     11.0297
894     11.0297
895     11.0297
896     10.7232
897     10.7232
898     10.7232
899     10.7232
900     10.7232
901     10.7232
902     10.7232
903     10.7232
904     10.7232
905     10.7232
906     10.7232
907     10.7232
908     10.7232
909     10.7232
910     10.7232
911     10.7232
912     10.7232
913     10.7232
914     10.7232
915     10.7232
916     10.7232
917     10.7232
918     10.7232
919     10.7232
920     10.7232
921     10.7232
922     10.7232
923     10.7232
924     10.7232
925     10.7232
926     10.7232
927     10.7232
928     10.7232
929     10.7232
930     10.7232
931     10.7232
932     10.4153
933     10.4153
934     10.4153
935     10.4153
936     10.4153
937     10.4153
938     10.4153
939     10.4153
940     10.4153
941     10.4153
942     10.4153
943     10.4153
944     10.4153
945     8.82924
946     8.82924
947     8.82924
948     8.82924
949     8.82924
950     8.82924
951     8.82924
952     8.82924
953     8.82924
954     8.82924
955     8.82924
956     8.82924
957     8.82924
958     8.82924
959     8.82924
960     8.82924
961     8.82924
962     8.82924
963     8.78281
964     8.78281
965     8.78281
966     8.78281
967     8.78281
968     8.78281
969     8.78281
970     8.78281
971     8.78281
972     8.78281
973     8.78281
974     8.78281
975     8.78281
976     8.78281
977     8.78281
978     8.78281
979     8.78281
980     8.78281
981     8.78281
982     8.78281
983     8.78281
984     8.78281
985     8.78281
986     8.78281
987     8.78281
988     8.78281
989     8.78281
990     8.78281
991     8.78281
992     8.78281
993     8.78281
994     8.78281
995     8.30822
996     8.30822
997     8.30822
998     8.30822
999     8.30822
1000     8.30822
1001     8.30822
1002     8.30822
1003     8.30822
1004     8.30822
1005     8.30822
1006     8.30822
1007     8.30822
1008     8.30822
1009     8.30822
1010     8.30822
1011     8.30822
1012     8.30822
1013     8.30822
1014     8.30822
1015     8.30822
1016     8.30822
1017     8.30822
1018     8.30822
1019     8.30822
1020     8.30822
1021     8.30822
1022     8.30822
1023     8.30822
1024     8.30822
1025     8.30822
1026     8.06887
1027     8.06887
1028     8.06887
1029     8.06887
1030     8.06887
1031     8.06887
1032     8.06887
1033     8.06887
1034     8.06887
1035     8.06887
1036     8.06887
1037     8.06887
1038     8.06887
1039     8.06887
1040     8.06887
1041     8.06887
1042     8.05838
1043     8.05838
1044     8.05838
1045     8.05838
1046     8.05838
1047     8.05838
1048     8.05838
1049     8.05838
1050     8.05838
1051     8.05838
1052     8.05838
1053     8.05838
1054     8.05838
1055     8.05838
1056     8.05838
1057     8.05838
1058     8.05838
1059     8.05838
1060     8.05838
1061     8.05838
1062     8.05838
1063     8.05838
1064     8.05838
1065     8.05838
1066     8.05838
1067     8.05838
1068     8.05838
1069     8.05838
1070     8.05838
1071     8.05838
1072     8.05838
1073     8.05838
1074     8.05838
1075     8.05838
1076     8.05838
1077     8.05838
1078     8.05838
1079     8.05838
1080     8.05838
1081     8.05838
1082     8.05838
1083     8.05838
1084     8.05838
1085     8.05838
1086     8.05838
1087     8.05838
1088     8.05838
1089     8.05838
1090     8.05838
1091     8.05838
1092     8.05838
1093     8.05838
1094     8.05838
1095     8.05838
1096     8.05838
1097     7.99696
1098     7.99696
1099     7.99696
1100     7.99696
1101     7.99696
1102     7.99696
1103     7.99696
1104     7.99696
1105     7.99696
1106     7.99696
1107     7.99696
1108     7.99696
1109     7.99696
1110     7.99696
1111     7.99696
1112     7.99696
1113     7.99696
1114     7.99696
1115     7.99696
1116     7.99696
1117     7.99696
1118     7.99696
1119     7.99696
1120     7.99696
1121     7.99696
1122     7.99696
1123     7.99696
1124     7.99696
1125     7.99696
1126     7.99696
1127     7.99696
1128     7.99696
1129     7.99696
1130     7.99696
1131     7.99696
1132     7.99696
1133     7.99696
1134     7.99696
1135     7.99696
1136     7.99696
1137     7.99696
1138     7.99696
1139     7.99696
1140     7.99696
1141     7.99696
1142     7.99696
1143     7.99696
1144     7.99696
1145     7.99696
1146     7.99696
1147     7.99696
1148     7.99696
1149     7.99696
1150     7.99696
1151     7.99696
1152     7.99696
1153     7.99696
1154     7.99696
1155     7.99696
1156     7.99696
1157     7.99696
1158     7.99696
1159     7.99696
1160     7.99696
1161     7.99696
1162     7.99696
1163     7.99696
1164     7.99696
1165     7.99696
1166     7.99696
1167     7.99696
1168     7.99696
1169     7.99696
1170     7.99696
1171     7.99696
1172     7.99696
1173     7.99696
1174     7.99696
1175     7.99696
1176     7.99696
1177     7.99696
1178     7.99696
1179     7.99696
1180     7.99696
1181     7.99696
1182     7.99696
1183     7.99696
1184     7.99696
1185     7.99696
1186     7.99696
1187     7.99696
1188     7.99696
1189     7.99696
1190     7.99696
1191     7.99696
1192     7.99696
1193     7.99696
1194     7.99696
1195     7.99696
1196     7.99696
1197     7.99696
1198     7.99696
1199     7.99696
1200     7.99696
1201     7.99696
1202     7.99696
1203     7.99696
1204     7.99696
1205     7.99696
1206     7.99696
1207     7.99696
1208     7.99696
1209     7.99696
1210     7.99696
1211     7.99696
1212     7.99696
1213     7.99696
1214     7.99696
1215     7.99696
1216     7.99696
1217     7.99696
1218     7.99696
1219     7.99696
1220     7.99696
1221     7.99696
1222     7.99696
1223     7.99696
1224     7.99696
1225     7.99696
1226     7.99696
1227     7.99696
1228     7.99696
1229     7.99696
1230     7.99696
1231     7.99696
1232     7.99696
1233     7.99696
1234     7.99696
1235     7.99696
1236     7.99696
1237     7.99696
1238     7.99696
1239     7.99696
1240     7.99696
1241     7.99696
1242     7.99696
1243     7.99696
1244     7.99696
1245     7.99696
1246     7.99696
1247     7.99696
1248     7.99696
1249     7.99696
1250     7.99696
1251     7.99696
1252     7.99696
1253     7.99696
1254     7.99696
1255     7.99696
1256     7.99696
1257     7.99696
1258     7.99696
1259     7.99696
1260     7.99696
1261     7.99696
1262     7.99696
1263     7.99696
1264     7.99696
1265     7.99696
1266     7.99696
1267     7.99696
1268     7.99696
1269     7.99696
1270     7.99696
1271     7.99696
1272     7.99696
1273     7.99696
1274     7.99696
1275     7.99696
1276     7.99696
1277     7.99696
1278     7.99696
1279     7.99696
1280     7.99696
1281     7.99696
1282     7.99696
1283     7.99696
1284     7.99696
1285     7.99696
1286     7.99696
1287     7.99696
1288     7.99696
1289     7.99696
1290     7.99696
1291     7.99696
1292     7.99696
1293     7.99696
1294     7.99696
1295     7.99696
1296     7.99696
1297     7.99696
1298     7.99696
1299     7.99696
1300     7.99696
1301     7.99696
1302     7.99696
1303     7.99696
1304     7.99696
1305     7.99696
1306     7.99696
1307     7.99696
1308     7.99696
1309     7.99696
1310     7.99696
1311     7.99696
1312     7.99696
1313     7.99696
1314     7.99696
1315     7.99696
1316     7.99696
1317     7.99696
1318     7.99696
1319     7.99696
1320     7.99696
1321     7.99696
1322     7.99696
1323     7.99696
1324     7.99696
1325     7.99696
1326     7.99696
1327     7.99696
1328     7.99696
1329     7.99696
1330     7.99696
1331     7.99696
1332     7.99696
1333     7.99696
1334     7.99696
1335     7.99696
1336     7.99696
1337     7.99696
1338     7.99696
1339     7.99696
1340     7.99696
1341     7.99696
1342     7.99696
1343     7.99696
1344     7.99696
1345     7.99696
1346     7.99696
1347     7.99696
1348     7.99696
1349     7.99696
1350     7.99696
1351     7.99696
1352     7.99696
1353     7.99696
1354     7.99696
1355     7.99696
1356     7.99696
1357     7.99696
1358     7.99696
1359     7.99696
1360     7.99696
1361     7.99696
1362     7.99696
1363     7.99696
1364     7.99696
1365     7.99696
1366     7.99696
1367     7.99696
1368     7.99696
1369     7.99696
1370     7.99696
1371     7.99696
1372     7.99696
1373     7.99696
1374     7.99696
1375     7.99696
1376     7.99696
1377     7.99696
1378     7.99696
1379     7.99696
1380     7.99696
1381     7.02137
1382     7.02137
1383     7.02137
1384     7.02137
1385     7.02137
1386     7.02137
1387     7.02137
1388     7.02137
1389     7.02137
1390     7.02137
1391     7.02137
1392     7.02137
1393     7.02137
1394     7.02137
1395     7.02137
1396     7.02137
1397     7.02137
1398     7.02137
1399     7.02137
1400     7.02137
1401     7.02137
1402     7.02137
1403     7.02137
1404     7.02137
1405     7.02137
1406     7.02137
1407     7.02137
1408     7.02137
1409     7.02137
1410     7.02137
1411     7.02137
1412     7.02137
1413     7.02137
1414     7.02137
1415     7.02137
1416     7.02137
1417     7.02137
1418     7.02137
1419     7.02137
1420     7.02137
1421     7.02137
1422     7.02137
1423     7.02137
1424     7.02137
1425     7.02137
1426     7.02137
1427     7.02137
1428     7.02137
1429     7.02137
1430     7.02137
1431     7.02137
1432     7.02137
1433     7.02137
1434     7.02137
1435     7.02137
1436     7.02137
1437     7.02137
1438     7.02137
1439     7.02137
1440     7.02137
1441     7.02137
1442     7.02137
1443     7.02137
1444     7.02137
1445     7.02137
1446     7.02137
1447     7.02137
1448     7.02137
1449     7.02137
1450     7.02137
1451     7.02137
1452     7.02137
1453     7.02137
1454     7.02137
1455     7.02137
1456     7.02137
1457     7.02137
1458     7.02137
1459     7.02137
1460     7.02137
1461     7.02137
1462     7.02137
1463     7.02137
1464     7.02137
1465     7.02137
1466     7.02137
1467     7.02137
1468     7.02137
1469     7.02137
1470     7.02137
1471     7.02137
1472     7.02137
1473     7.02137
1474     7.02137
1475     7.02137
1476     7.02137
1477     7.02137
1478     7.02137
1479     7.02137
1480     7.02137
1481     7.02137
1482     7.02137
1483     7.02137
1484     7.02137
1485     7.02137
1486     7.02137
1487     6.71355
1488     6.71355
1489     6.71355
1490     6.71355
1491     6.71355
1492     6.71355
1493     6.71355
1494     6.71355
1495     6.71355
1496     6.71355
1497     6.71355
1498     6.71355
1499     6.71355
1500     6.71355
1501     6.71355
1502     6.71355
1503     6.71355
1504     6.71355
1505     6.71355
1506     6.71355
1507     6.71355
1508     6.71355
1509     6.71355
1510     6.71355
1511     6.71355
1512     6.71355
1513     6.71355
1514     6.71355
1515     6.71355
1516     6.71355
1517     6.71355
1518     6.71355
1519     6.71355
1520     6.71355
1521     6.71355
1522     6.71355
1523     6.71355
1524     6.71355
1525     6.71355
1526     6.71355
1527     6.71355
1528     6.71355
1529     6.71355
1530     6.71355
1531     6.71355
1532     6.71355
1533     6.71355
1534     6.71355
1535     6.71355
1536     6.71355
1537     6.71355
1538     6.71355
1539     6.71355
1540     6.71355
1541     6.71355
1542     6.71355
1543     6.71355
1544     6.71355
1545     6.71355
1546     6.71355
1547     6.71355
1548     6.71355
1549     6.71355
1550     6.71355
1551     6.71355
1552     6.71355
1553     6.71355
1554     6.71355
1555     6.71355
1556     6.71355
1557     6.71355
1558     6.71355
1559     6.71355
1560     6.71355
1561     6.71355
1562     6.71355
1563     6.71355
1564     6.71355
1565     6.71355
1566     6.71355
1567     6.71355
1568     6.71355
1569     6.71355
1570     6.71355
1571     6.71355
1572     6.71355
1573     6.71355
1574     6.71355
1575     6.71355
1576     6.71355
1577     6.71355
1578     6.71355
1579     6.71355
1580     6.71355
1581     6.71355
1582     6.71355
1583     6.71355
1584     6.71355
1585     6.71355
1586     6.71355
1587     6.71355
1588     6.71355
1589     6.71355
1590     6.71355
1591     6.71355
1592     6.71355
1593     6.71355
1594     6.71355
1595     6.71355
1596     6.71355
1597     6.71355
1598     6.71355
1599     6.71355
1600     6.71355
1601     6.71355
1602     6.71355
1603     6.71355
1604     6.71355
1605     6.71355
1606     6.71355
1607     6.71355
1608     6.71355
1609     6.71355
1610     6.71355
1611     6.71355
1612     6.71355
1613     6.71355
1614     6.71355
1615     6.71355
1616     6.71355
1617     6.71355
1618     6.71355
1619     6.71355
1620     6.71355
1621     6.71355
1622     6.71355
1623     6.71355
1624     6.71355
1625     6.71355
1626     6.71355
1627     6.71355
1628     6.71355
1629     6.71355
1630     6.71355
1631     6.71355
1632     6.71355
1633     6.71355
1634     6.71355
1635     6.71355
1636     6.71355
1637     6.71355
1638     6.71355
1639     6.71355
1640     6.71355
1641     6.71355
1642     6.71355
1643     6.71355
1644     6.71355
1645     6.71355
1646     6.71355
1647     6.71355
1648     6.71355
1649     6.71355
1650     6.71355
1651     6.71355
1652     6.71355
1653     6.71355
1654     6.71355
1655     6.71355
1656     6.71355
1657     6.71355
1658     6.71355
1659     6.71355
1660     6.71355
1661     6.71355
1662     6.71355
1663     6.71355
1664     6.71355
1665     6.71355
1666     6.71355
1667     6.71355
1668     6.71355
1669     6.71355
1670     6.71355
1671     6.71355
1672     6.71355
1673     6.71355
1674     6.71355
1675     6.71355
1676     6.71355
1677     6.71355
1678     6.71355
1679     6.71355
1680     6.71355
1681     6.71355
1682     6.71355
1683     6.71355
1684     6.71355
1685     6.71355
1686     6.71355
1687     6.71355
1688     6.71355
1689     6.71355
1690     6.71355
1691     6.71355
1692     6.71355
1693     6.71355
1694     6.71355
1695     6.71355
1696     6.71355
1697     6.71355
1698     6.71355
1699     6.71355
1700     6.71355
1701     6.71355
1702     6.71355
1703     6.71355
1704     6.71355
1705     6.71355
1706     6.71355
1707     6.71355
1708     6.71355
1709     6.71355
1710     6.71355
1711     6.71355
1712     6.71355
1713     6.71355
1714     6.71355
1715     6.71355
1716     6.71355
1717     6.71355
1718     6.71355
1719     6.71355
1720     6.71355
1721     6.71355
1722     6.71355
1723     6.71355
1724     6.71355
1725     6.71355
1726     6.71355
1727     6.71355
1728     6.71355
1729     6.71355
1730     6.71355
1731     6.71355
1732     6.71355
1733     6.71355
1734     6.71355
1735     6.71355
1736     6.71355
1737     6.71355
1738     6.71355
1739     6.71355
1740     6.71355
1741     6.71355
1742     6.71355
1743     6.71355
1744     6.71355
1745     6.71355
1746     6.71355
1747     6.71355
1748     6.71355
1749     6.71355
1750     6.71355
1751     6.71355
1752     6.71355
1753     6.71355
1754     6.71355
1755     6.71355
1756     6.71355
1757     6.71355
1758     6.71355
1759     6.71355
1760     6.71355
1761     6.71355
1762     6.71355
1763     6.71355
1764     6.71355
1765     6.71355
1766     6.71355
1767     6.71355
1768     6.71355
1769     6.71355
1770     6.71355
1771     6.71355
1772     6.71355
1773     6.71355
1774     6.71355
1775     6.71355
1776     6.71355
1777     6.71355
1778     6.71355
1779     6.71355
1780     6.71355
1781     6.71355
1782     6.71355
1783     6.71355
1784     6.71355
1785     6.71355
1786     6.71355
1787     6.71355
1788     6.71355
1789     6.71355
1790     6.71355
1791     6.71355
1792     6.71355
1793     6.71355
1794     6.71355
1795     6.71355
1796     6.71355
1797     6.71355
1798     6.71355
1799     6.71355
1800     6.71355
1801     6.71355
1802     6.71355
1803     6.71355
1804     6.71355
1805     6.71355
1806     6.71355
1807     6.71355
1808     6.71355
1809     6.71355
1810     6.71355
1811     6.71355
1812     6.71355
1813     6.71355
1814     6.71355
1815     6.71355
1816     6.71355
1817     6.71355
1818     6.71355
1819     6.71355
1820     6.71355
1821     6.71355
1822     6.71355
1823     6.71355
1824     6.71355
1825     6.71355
1826     6.71355
1827     6.71355
1828     6.71355
1829     6.71355
1830     6.71355
1831     6.71355
1832     6.71355
1833     6.71355
1834     6.71355
1835     6.71355
1836     6.71355
1837     6.71355
1838     6.71355
1839     6.71355
1840     6.71355
1841     6.71355
1842     6.71355
1843     6.71355
1844     6.71355
1845     6.71355
1846     6.71355
1847     6.71355
1848     6.71355
1849     6.71355
1850     6.71355
1851     6.71355
1852     6.71355
1853     6.71355
1854     6.71355
1855     6.71355
1856     6.71355
1857     6.71355
1858     6.71355
1859     6.71355
1860     6.71355
1861     6.71355
1862     6.71355
1863     6.71355
1864     6.71355
1865     6.71355
1866     6.71355
1867     6.71355
1868     6.71355
1869     6.71355
1870     6.71355
1871     6.71355
1872     6.71355
1873     6.71355
1874     6.71355
1875     6.71355
1876     6.71355
1877     6.71355
1878     6.71355
1879     6.71355
1880     6.71355
1881     6.71355
1882     6.71355
1883     6.71355
1884     6.71355
1885     6.71355
1886     6.71355
1887     6.71355
1888     6.71355
1889     6.71355
1890     6.71355
1891     6.71355
1892     6.71355
1893     6.71355
1894     6.71355
1895     6.71355
1896     6.71355
1897     6.71355
1898     6.71355
1899     6.71355
1900     6.71355
1901     6.71355
1902     6.71355
1903     6.71355
1904     6.71355
1905     6.71355
1906     6.71355
1907     6.71355
1908     6.71355
1909     6.71355
1910     6.71355
1911     6.71355
1912     6.71355
1913     6.71355
1914     6.71355
1915     6.71355
1916     6.71355
1917     6.71355
1918     6.71355
1919     6.71355
1920     6.71355
1921     6.71355
1922     6.71355
1923     6.71355
1924     6.71355
1925     6.71355
1926     6.71355
1927     6.71355
1928     6.71355
1929     6.71355
1930     6.71355
1931     6.71355
1932     6.71355
1933     6.71355
1934     6.71355
1935     6.71355
1936     6.71355
1937     6.71355
1938     6.71355
1939     6.71355
1940     6.71355
1941     6.71355
1942     6.71355
1943     6.71355
1944     6.71355
1945     6.71355
1946     6.71355
1947     6.71355
1948     6.71355
1949     6.71355
1950     6.71355
1951     6.71355
1952     6.71355
1953     6.71355
1954     6.71355
1955     6.71355
1956     6.71355
1957     6.71355
1958     6.71355
1959     6.71355
1960     6.71355
1961     6.71355
1962     6.71355
1963     6.71355
1964     6.71355
1965     6.71355
1966     6.71355
1967     6.71355
1968     6.71355
1969     6.71355
1970     6.71355
1971     6.71355
1972     6.71355
1973     6.71355
1974     6.71355
1975     6.71355
1976     6.71355
1977     6.71355
1978     6.71355
1979     6.71355
1980     6.71355
1981     6.71355
1982     6.71355
1983     6.71355
1984     6.71355
1985     6.71355
1986     6.71355
1987     6.71355
1988     6.71355
1989     6.71355
1990     6.71355
1991     6.71355
1992     6.71355
1993     6.71355
1994     6.71355
1995     6.71355
1996     6.71355
1997     6.71355
1998     6.71355
1999     6.71355
2000     6.71355
2001     6.71355
2002     6.71355
2003     6.71355
2004     6.68814
2005     6.68814
2006     6.68814
2007     6.68814
2008     6.68814
2009     6.68814
2010     6.68814
2011     6.68814
2012     6.68814
2013     6.68814
2014     6.68814
2015     6.68814
2016     6.68814
2017     6.68814
2018     6.68814
2019     6.68814
2020     6.68814
2021     6.68814
2022     6.68814
2023     6.68814
2024     6.68814
2025     6.68814
2026     6.68814
2027     6.68814
2028     6.68814
2029     6.68814
2030     6.68814
2031     6.68814
2032     6.68814
2033     6.68814
2034     6.68814
2035     6.68814
2036     6.68814
2037     6.68814
2038     6.68814
2039     6.68814
2040     6.68814
2041     6.68814
2042     6.68814
2043     6.68814
2044     6.68814
2045     6.68814
2046     6.68814
2047     6.68814
2048     6.68814
2049     6.68814
2050     6.68814
2051     6.68814
2052     6.68814
2053     6.68814
2054     6.68814
2055     6.68814
2056     6.68814
2057     6.68814
2058     6.68814
2059     6.68814
2060     6.68814
2061     6.68814
2062     6.68814
2063     6.68814
2064     6.68814
2065     6.68814
2066     6.68814
2067     6.68814
2068     6.68814
2069     6.68814
2070     6.68814
2071     6.68814
2072     6.68814
2073     6.68814
2074     6.68814
2075     6.68814
2076     6.68814
2077     6.68814
2078     6.68814
2079     6.68814
2080     6.68814
2081     6.68814
2082     6.68814
2083     6.68814
2084     6.68814
2085     6.68814
2086     6.68814
2087     6.68814
2088     6.68814
2089     6.37523
2090     6.37523
2091     6.37523
2092     6.37523
2093     6.37523
2094     6.37523
2095     6.37523
2096     6.37523
2097     6.37523
2098     6.37523
2099     6.37523
2100     6.37523
2101     6.37523
2102     6.37523
2103     6.37523
2104     6.37523
2105     6.37523
2106     6.37523
2107     6.37523
2108     6.37523
2109     6.37523
2110     6.37523
2111     6.37523
2112     6.37523
2113     6.37523
2114     6.37523
2115     6.37523
2116     6.37523
2117     6.37523
2118     6.37523
2119     6.37523
2120     6.37523
2121     6.37523
2122     6.37523
2123     6.37523
2124     6.37523
2125     6.37523
2126     6.37523
2127     6.37523
2128     6.37523
2129     6.37523
2130     6.37523
2131     6.37523
2132     6.37523
2133     6.37523
2134     6.37523
2135     6.37523
2136     6.37523
2137     6.37523
2138     6.37523
2139     6.37523
2140     6.37523
2141     6.37523
2142     6.37523
2143     6.37523
2144     6.37523
2145     6.37523
2146     6.37523
2147     6.37523
2148     6.37523
2149     6.37523
2150     6.37523
2151     6.37523
2152     6.37523
2153     6.37523
2154     6.37523
2155     6.37523
2156     6.37523
2157     6.37523
2158     6.37523
2159     6.37523
2160     6.37523
2161     6.37523
2162     6.37523
2163     6.37523
2164     6.37523
2165     6.37523
2166     6.37523
2167     6.37523
2168     6.37523
2169     6.37523
2170     6.37523
2171     6.37523
2172     6.37523
2173     6.37523
2174     6.37523
2175     6.37523
2176     6.37523
2177     6.37523
2178     6.37523
2179     6.37523
2180     6.37523
2181     6.37523
2182     6.37523
2183     6.37523
2184     6.37523
2185     6.37523
2186     6.37523
2187     6.37523
2188     6.37523
2189     6.37523
2190     6.37523
2191     6.37523
2192     6.37523
2193     6.37523
2194     6.37523
2195     6.37523
2196     6.37523
2197     6.37523
2198     6.37523
2199     6.37523
2200     6.37523
2201     6.37523
2202     6.37523
2203     6.37523
2204     6.37523
2205     6.37523
2206     6.37523
2207     6.37523
2208     6.37523
2209     6.37523
2210     6.37523
2211     6.37523
2212     6.37523
2213     6.37523
2214     6.37523
2215     6.37523
2216     6.37523
2217     6.37523
2218     6.37523
2219     6.37523
2220     6.37523
2221     6.37523
2222     6.37523
2223     6.37523
2224     6.37523
2225     6.37523
2226     6.37523
2227     6.37523
2228     6.37523
2229     6.37523
2230     6.37523
2231     6.37523
2232     6.37523
2233     6.37523
2234     6.37523
2235     6.37523
2236     6.37523
2237     6.37523
2238     6.37523
2239     6.37523
2240     6.37523
2241     6.37523
2242     6.37523
2243     6.37523
2244     6.37523
2245     6.37523
2246     6.37523
2247     6.37523
2248     6.37523
2249     6.37523
2250     6.37523
2251     6.37523
2252     6.37523
2253     6.37523
2254     6.37523
2255     6.37523
2256     6.37523
2257     6.37523
2258     6.37523
2259     6.37523
2260     6.37523
2261     6.37523
2262     6.37523
2263     6.37523
2264     6.37523
2265     6.37523
2266     6.37523
2267     6.37523
2268     6.37523
2269     6.37523
2270     6.37523
2271     6.37523
2272     6.37523
2273     6.37523
2274     6.37523
2275     6.37523
2276     6.37523
2277     6.37523
2278     6.37523
2279     6.37523
2280     6.37523
2281     6.37523
2282     6.37523
2283     6.37523
2284     6.37523
2285     6.37523
2286     6.37523
2287     6.37523
2288     6.37523
2289     6.37523
2290     6.37523
2291     6.37523
2292     6.37523
2293     6.37523
2294     6.37523
2295     6.37523
2296     6.37523
2297     6.37523
2298     6.37523
2299     6.37523
2300     6.37523
2301     6.37523
2302     6.37523
2303     6.37523
2304     6.37523
2305     6.37523
2306     6.37523
2307     6.37523
2308     6.37523
2309     6.37523
2310     6.37523
2311     6.37523
2312     6.37523
2313     6.37523
2314     6.37523
2315     6.37523
2316     6.37523
2317     6.37523
2318     6.37523
2319     6.37523
2320     6.37523
2321     6.37523
2322     6.37523
2323     6.37523
2324     6.37523
2325     6.37523
2326     6.37523
2327     6.37523
2328     6.37523
2329     6.37523
2330     6.37523
2331     6.37523
2332     6.37523
2333     6.37523
2334     6.37523
2335     6.37523
2336     6.37523
2337     6.37523
2338     6.37523
2339     6.37523
2340     6.37523
2341     6.37523
2342     6.37523
2343     6.37523
2344     6.37523
2345     6.37523
2346     6.37523
2347     6.37523
2348     6.37523
2349     6.37523
2350     6.37523
2351     6.37523
2352     6.37523
2353     6.37523
2354     6.37523
2355     6.37523
2356     6.37523
2357     6.37523
2358     6.37523
2359     6.37523
2360     6.37523
2361     6.37523
2362     6.37523
2363     6.37523
2364     6.37523
2365     6.37523
2366     6.37523
2367     6.37523
2368     6.37523
2369     6.37523
2370     6.37523
2371     6.37523
2372     6.37523
2373     6.37523
2374     6.37523
2375     6.37523
2376     6.37523
2377     6.37523
2378     6.37523
2379     6.37523
2380     6.37523
2381     6.37523
2382     6.37523
2383     6.37523
2384     6.37523
2385     6.37523
2386     6.37523
2387     6.37523
2388     6.37523
2389     6.37523
2390     6.37523
2391     6.37523
2392     6.37523
2393     6.37523
2394     6.37523
2395     6.37523
2396     6.37523
2397     6.37523
2398     6.37523
2399     6.37523
2400     6.37523
2401     6.37523
2402     6.37523
2403     6.37523
2404     6.37523
2405     6.37523
2406     6.37523
2407     6.37523
2408     6.37523
2409     6.37523
2410     6.37523
2411     6.37523
2412     6.37523
2413     6.37523
2414     6.37523
2415     6.37523
2416     6.37523
2417     6.37523
2418     6.37523
2419     6.37523
2420     6.37523
2421     6.37523
2422     6.37523
2423     6.37523
2424     6.37523
2425     6.37523
2426     6.37523
2427     6.37523
2428     6.37523
2429     6.37523
2430     6.37523
2431     6.37523
2432     6.37523
2433     6.37523
2434     6.37523
2435     6.37523
2436     6.37523
2437     6.37523
2438     6.37523
2439     6.37523
2440     6.37523
2441     6.37523
2442     6.37523
2443     6.37523
2444     6.37523
2445     6.37523
2446     6.37523
2447     6.37523
2448     6.37523
2449     6.37523
2450     6.37523
2451     6.37523
2452     6.37523
2453     6.37523
2454     6.37523
2455     6.37523
2456     6.37523
2457     6.37523
2458     6.37523
2459     6.37523
2460     6.37523
2461     6.37523
2462     6.37523
2463     6.37523
2464     6.37523
2465     6.37523
2466     6.37523
2467     6.37523
2468     6.37523
2469     6.37523
2470     6.37523
2471     6.37523
2472     6.37523
2473     6.37523
2474     6.37523
2475     6.37523
2476     6.37523
2477     6.37523
2478     6.37523
2479     6.37523
2480     6.37523
2481     6.37523
2482     6.37523
2483     6.37523
2484     6.37523
2485     6.37523
2486     6.37523
2487     6.37523
2488     6.37523
2489     6.37523
2490     6.37523
2491     6.37523
2492     6.37523
2493     6.37523
2494     6.37523
2495     6.37523
2496     6.37523
2497     6.37523
2498     6.37523
2499     6.37523
2500     6.37523
2501     6.37523
2502     6.37523
2503     6.37523
2504     6.37523
2505     6.37523
2506     6.37523
2507     6.37523
2508     6.37523
2509     6.37523
2510     6.37523
2511     6.37523
2512     6.37523
2513     6.37523
2514     6.37523
2515     6.37523
2516     6.37523
2517     6.37523
2518     6.37523
2519     6.37523
2520     6.37523
2521     6.37523
2522     6.37523
2523     6.37523
2524     6.37523
2525     6.37523
2526     6.37523
2527     6.37523
2528     6.37523
2529     6.37523
2530     6.37523
2531     6.37523
2532     6.37523
2533     6.37523
2534     6.37523
2535     6.37523
2536     6.37523
2537     6.37523
2538     6.37523
2539     6.37523
2540     6.37523
2541     6.37523
2542     6.37523
2543     6.37523
2544     6.37523
2545     6.37523
2546     6.37523
2547     6.37523
2548     6.37523
2549     6.37523
2550     6.37523
2551     6.37523
2552     6.37523
2553     6.37523
2554     6.37523
2555     6.37523
2556     6.37523
2557     6.37523
2558     6.37523
2559     6.37523
2560     6.37523
2561     6.37523
2562     6.37523
2563     6.37523
2564     6.37523
2565     6.37523
2566     6.37523
2567     6.37523
2568     6.37523
2569     6.37523
2570     6.37523
2571     6.37523
2572     6.37523
2573     6.37523
2574     6.37523
2575     6.37523
2576     6.37523
2577     6.37523
2578     6.37523
2579     6.37523
2580     6.37523
2581     6.37523
2582     6.37523
2583     6.37523
2584     6.37523
2585     6.37523
2586     6.37523
2587     6.37523
2588     6.37523
2589     6.37523
2590     6.37523
2591     6.37523
2592     6.37523
2593     6.37523
2594     6.37523
2595     6.37523
2596     6.37523
2597     6.37523
2598     6.37523
2599     6.37523
2600     6.37523
2601     6.37523
2602     6.37523
2603     6.37523
2604     6.37523
2605     6.37523
2606     6.37523
2607     6.37523
2608     6.37523
2609     6.37523
2610     6.37523
2611     6.37523
2612     6.37523
2613     6.37523
2614     6.37523
2615     6.37523
2616     6.37523
2617     6.37523
2618     6.37523
2619     6.37523
2620     6.37523
2621     6.37523
2622     6.37523
2623     6.37523
2624     6.37523
2625     6.37523
2626     6.37523
2627     6.37523
2628     6.37523
2629     6.37523
2630     6.37523
2631     6.37523
2632     6.37523
2633     6.37523
2634     6.37523
2635     6.37523
2636     6.37523
2637     6.37523
2638     6.37523
2639     6.37523
2640     6.37523
2641     6.37523
2642     6.37523
2643     6.37523
2644     6.37523
2645     6.37523
2646     6.37523
2647     6.37523
2648     6.37523
2649     6.37523
2650     6.37523
2651     6.37523
2652     6.37523
2653     6.37523
2654     6.37523
2655     6.37523
2656     6.37523
2657     6.37523
2658     6.37523
2659     6.37523
2660     6.37523
2661     6.37523
2662     6.37523
2663     6.37523
2664     6.37523
2665     6.37523
2666     6.37523
2667     6.37523
2668     6.37523
2669     6.37523
2670     6.37523
2671     6.37523
2672     6.37523
2673     6.37523
2674     6.37523
2675     6.37523
2676     6.37523
2677     6.37523
2678     6.37523
2679     6.37523
2680     6.37523
2681     6.37523
2682     6.37523
2683     6.37523
2684     6.37523
2685     6.37523
2686     6.37523
2687     6.37523
2688     6.37523
2689     6.37523
2690     6.37523
2691     6.37523
2692     6.37523
2693     6.37523
2694     6.37523
2695     6.37523
2696     6.37523
2697     6.37523
2698     6.37523
2699     6.37523
2700     6.37523
2701     6.37523
2702     6.37523
2703     6.37523
2704     6.37523
2705     6.37523
2706     6.37523
2707     6.37523
2708     6.37523
2709     6.37523
2710     6.37523
2711     6.37523
2712     6.37523
2713     6.37523
2714     6.37523
2715     6.37523
2716     6.37523
2717     6.37523
2718     6.37523
2719     6.37523
2720     6.37523
2721     6.37523
2722     6.37523
2723     6.37523
2724     6.37523
2725     6.37523
2726     6.37523
2727     6.37523
2728     6.37523
2729     6.37523
2730     6.37523
2731     6.37523
2732     6.37523
2733     6.37523
2734     6.37523
2735     6.37523
2736     6.37523
2737     6.37523
2738     6.37523
2739     6.37523
2740     6.37523
2741     6.37523
2742     6.37523
2743     6.37523
2744     6.37523
2745     6.37523
2746     6.37523
2747     6.37523
2748     6.37523
2749     6.37523
2750     6.37523
2751     6.37523
2752     6.37523
2753     6.37523
2754     6.37523
2755     6.37523
2756     6.37523
2757     6.37523
2758     6.37523
2759     6.37523
2760     6.37523
2761     6.37523
2762     6.37523
2763     6.37523
2764     6.37523
2765     6.37523
2766     6.37523
2767     6.37523
2768     6.37523
2769     6.37523
2770     6.37523
2771     6.37523
2772     6.37523
2773     6.37523
2774     6.37523
2775     6.37523
2776     6.37523
2777     6.37523
2778     6.37523
2779     6.37523
2780     6.37523
2781     6.37523
2782     6.37523
2783     6.37523
2784     6.37523
2785      6.2403
2786      6.2403
2787      6.2403
2788      6.2403
2789      6.2403
2790      6.2403
2791      6.2403
2792      6.2403
2793      6.2403
2794      6.2403
2795      6.2403
2796      6.2403
2797      6.2403
2798      6.2403
2799      6.2403
2800      6.2403
2801      6.2403
2802      6.2403
2803      6.2403
2804      6.2403
2805      6.2403
2806      6.2403
2807      6.2403
2808      6.2403
2809      6.2403
2810      6.2403
2811      6.2403
2812      6.2403
2813      6.2403
2814      6.2403
2815      6.2403
2816      6.2403
2817      6.2403
2818      6.2403
2819      6.2403
2820      6.2403
2821      6.2403
2822      6.2403
2823      6.2403
2824      6.2403
2825      6.2403
2826      6.2403
2827      6.2403
2828      6.2403
2829      6.2403
2830      6.2403
2831      6.2403
2832      6.2403
2833      6.2403
2834      6.2403
2835      6.2403
2836      6.2403
2837      6.2403
2838      6.2403
2839      6.2403
2840      6.2403
2841      6.2403
2842      6.2403
2843      6.2403
2844      6.2403
2845      6.2403
2846      6.2403
2847      6.2403
2848      6.2403
2849      6.2403
2850      6.2403
2851      6.2403
2852      6.2403
2853      6.2403
2854      6.2403
2855      6.2403
2856      6.2403
2857      6.2403
2858      6.2403
2859      6.2403
2860      6.2403
2861      6.2403
2862      6.2403
2863      6.2403
2864      6.2403
2865      6.2403
2866      6.2403
2867      6.2403
2868      6.2403
2869      6.2403
2870      6.2403
2871      6.2403
2872      6.2403
2873      6.2403
2874      6.2403
2875      6.2403
2876      6.2403
2877      6.2403
2878      6.2403
2879      6.2403
2880      6.2403
2881      6.2403
2882      6.2403
2883      6.2403
2884      6.2403
2885      6.2403
2886      6.2403
2887      6.2403
2888      6.2403
2889      6.2403
2890      6.2403
2891      6.2403
2892      6.2403
2893      6.2403
2894      6.2403
2895      6.2403
2896      6.2403
2897      6.2403
2898      6.2403
2899      6.2403
2900      6.2403
2901      6.2403
2902      6.2403
2903      6.2403
2904      6.2403
2905      6.2403
2906      6.2403
2907      6.2403
2908      6.2403
2909      6.2403
2910      6.2403
2911      6.2403
2912      6.2403
2913      6.2403
2914      6.2403
2915      6.2403
2916      6.2403
2917      6.2403
2918      6.2403
2919      6.2403
2920      6.2403
2921      6.2403
2922      6.2403
2923      6.2403
2924      6.2403
2925      6.2403
2926      6.2403
2927      6.2403
2928      6.2403
2929      6.2403
2930      6.2403
2931      6.2403
2932      6.2403
2933      6.2403
2934      6.2403
2935      6.2403
2936      6.2403
2937      6.2403
2938      6.2403
2939      6.2403
2940      6.2403
2941      6.2403
2942      6.2403
2943      6.2403
2944      6.2403
2945      6.2403
2946      6.2403
2947      6.2403
2948      6.2403
2949      6.2403
2950      6.2403
2951      6.2403
2952      6.2403
2953      6.2403
2954      6.2403
2955      6.2403
2956      6.2403
2957      6.2403
2958      6.2403
2959      6.2403
2960      6.2403
2961      6.2403
2962      6.2403
2963      6.2403
2964      6.2403
2965      6.2403
2966      6.2403
2967      6.2403
2968      6.2403
2969      6.2403
2970      6.2403
2971      6.2403
2972      6.2403
2973      6.2403
2974      6.2403
2975      6.2403
2976      6.2403
2977      6.2403
2978      6.2403
2979      6.2403
2980      6.2403
2981      6.2403
2982      6.2403
2983      6.2403
2984      6.2403
2985      6.2403
2986      6.2403
2987      6.2403
2988      6.2403
2989      6.2403
2990      6.2403
2991      6.2403
2992      6.2403
2993      6.2403
2994      6.2403
2995      6.2403
2996      6.2403
2997      6.2403
2998      6.2403
2999      6.2403
