0     14.4543
1     13.9866
2     13.9866
3     13.9866
4     13.9866
5     13.9866
6     13.9866
7     13.9866
8     13.8045
9     13.8045
10     13.8045
11     13.7195
12     13.7195
13     13.7195
14     13.7195
15     13.7195
16     13.7195
17     12.4804
18     12.4804
19     12.4804
20     12.4804
21     12.4804
22     12.4804
23     12.4804
24     12.2963
25     12.2963
26     12.2963
27     11.8845
28     11.8845
29     11.8845
30     11.8845
31     11.8845
32     11.8554
33     11.8246
34     11.8246
35     11.8246
36     11.8246
37     11.8246
38     11.8246
39      11.749
40      11.749
41      11.749
42      11.749
43      11.749
44     11.4064
45     11.4064
46     11.4064
47     11.4064
48     11.4064
49     11.4064
50     11.4064
51     11.1726
52     11.1726
53     11.1726
54     11.1726
55     11.1726
56     11.1726
57     11.1032
58     11.1032
59      10.963
60      10.963
61      10.963
62     10.8667
63     10.8667
64     10.8667
65     10.8667
66     10.8667
67     10.8667
68     10.8667
69     10.8667
70     10.8667
71     10.8667
72     10.8667
73     10.8107
74     10.8107
75     10.8008
76     10.8008
77     10.8008
78     10.8008
79     10.8008
80     10.6518
81     10.6518
82     10.6518
83     10.6518
84     10.1646
85     9.42463
86     9.42463
87     9.42463
88     9.42463
89     9.42463
90     9.42463
91     9.42463
92     9.42463
93     9.42463
94     9.42463
95     9.42463
96     9.42463
97     9.42463
98     9.42463
99     9.42463
100     9.42463
101     9.42463
102     9.42463
103     9.42463
104     9.42463
105     9.14846
106     9.14846
107     9.14846
108     9.14846
109     9.14846
110     9.14846
111     9.14846
112     9.14846
113     9.14846
114     8.95618
115     8.95618
116     8.95618
117     8.95618
118     8.95618
119     8.95618
120     8.95618
121     8.95618
122     8.95618
123     8.95618
124     8.95618
125     8.95618
126     8.95618
127     8.95618
128     8.95618
129     8.95618
130     8.61367
131     8.61367
132     8.61367
133     8.61367
134     8.61367
135     8.61367
136     8.61367
137     8.61367
138     8.61367
139     8.61367
140     8.61367
141     8.61367
142     8.61367
143     8.61367
144     8.61367
145     8.61367
146     8.61367
147     8.61367
148     8.61367
149     8.61367
150     8.61367
151     8.61367
152     8.61367
153     8.61367
154     8.61367
155     8.61367
156     8.61367
157     8.61367
158     8.61367
159     8.61367
160     8.61367
161     8.61367
162     8.61367
163     8.61367
164     8.61367
165     8.61367
166     8.32654
167     8.32654
168     8.32654
169     8.32654
170     8.32654
171     8.32654
172     8.32654
173     8.32654
174     8.32654
175     8.32654
176     8.32654
177     8.32654
178     8.32654
179     8.32654
180     8.32654
181     8.32654
182     8.32654
183     8.32654
184     8.32654
185     8.32654
186     8.32654
187     8.32654
188     8.32654
189     8.32654
190     8.32654
191     8.32654
192     8.32654
193     8.32654
194     8.30534
195     8.30534
196     8.30534
197     8.30534
198     8.30534
199     8.30534
200     8.30534
201     8.10087
202     8.10087
203     8.10087
204     8.10087
205     8.10087
206     8.10087
207     8.10087
208     8.10087
209     8.10087
210     8.10087
211     8.10087
212     8.10087
213     8.10087
214     7.94667
215     7.94667
216     7.94667
217     7.94667
218     7.94667
219     7.94667
220     7.94667
221     7.94667
222     7.94667
223     7.94667
224     7.94667
225     7.94667
226     7.94667
227     7.94667
228     7.94667
229     7.94667
230     7.94667
231     7.94667
232     7.94667
233     7.94667
234     7.94667
235     7.94667
236     7.94667
237     7.94667
238     7.94667
239     7.42564
240     7.42564
241     7.42564
242     7.42564
243     7.42564
244     7.42564
245     7.42564
246     7.42564
247     7.42564
248     7.42564
249     7.42564
250     7.42564
251     7.42564
252     7.42564
253     7.42564
254     7.42564
255     7.42564
256     7.42564
257     7.42564
258     7.42564
259     7.42564
260     7.42132
261     7.42132
262     7.42132
263     7.42132
264     7.42132
265     7.38332
266     7.38332
267     7.38332
268     7.38332
269     7.38332
270     7.38332
271     7.38332
272     7.38332
273     7.38332
274     7.38332
275     7.38332
276     7.38332
277     7.38332
278     7.38332
279     7.38332
280     7.38332
281     7.38332
282     7.38332
283      7.3786
284      7.3786
285      7.3786
286      7.3786
287      7.3786
288      7.3786
289      7.3786
290      7.3786
291      7.3786
292      7.3786
293      7.3786
294      7.3786
295      7.3786
296      7.3786
297      7.3786
298      7.3786
299      7.3786
300      7.3786
301      7.3786
302      7.3786
303      7.3786
304      7.3786
305      7.3786
306      7.3467
307      7.3467
308      7.3467
309      7.3467
310      7.3467
311      7.3467
312     7.31018
313     7.29458
314     7.26347
315     7.26347
316     7.26347
317     7.26347
318     7.26347
319     7.26347
320     7.26347
321     7.26347
322     7.26347
323     7.26347
324     7.26347
325     7.26347
326     7.26347
327     7.26347
328     7.26347
329     7.26347
330     7.26347
331     7.26347
332     7.21923
333     7.21923
334     7.21923
335     7.21923
336     7.21923
337     7.21923
338     7.21923
339     7.21923
340     7.21923
341     7.18734
342     7.18734
343     7.18734
344     7.18734
345     7.18734
346     7.18734
347     7.18734
348     7.18734
349     7.18734
350     7.18734
351     7.18734
352     7.18734
353     7.18734
354     7.18734
355     7.18734
356     7.18734
357     7.18734
358     7.18734
359     7.18734
360     7.18734
361     7.18734
362     7.18734
363     7.18734
364     7.18734
365     7.18734
366     7.18734
367     7.18734
368     7.17174
369     7.17174
370     7.17174
371     7.17174
372     7.17174
373     7.17174
374     7.17174
375     7.17174
376     7.17174
377     7.17174
378     7.17174
379     7.17174
380     7.17174
381     7.17174
382     7.17174
383     7.17174
384     7.17174
385     7.17174
386     7.11967
387     7.11967
388     7.11967
389     7.11967
390     7.11967
391     7.11967
392     7.11967
393     7.11967
394     7.11967
395     7.11967
396     7.11967
397     7.11967
398     7.11967
399     7.11967
400     7.11967
401     7.11967
402     7.11967
403      7.1119
404      7.1119
405      7.1119
406      7.1119
407      7.1119
408      7.1119
409      7.1119
410      7.1119
411      7.1119
412      7.1119
413     6.93783
414     6.93783
415     6.93783
416     6.93783
417     6.93783
418     6.93783
419     6.93783
420     6.93783
421     6.93783
422     6.93783
423     6.93783
424     6.93783
425     6.93783
426     6.93783
427     6.93783
428     6.93783
429     6.93783
430     6.93783
431     6.93783
432     6.93783
433     6.93783
434     6.93783
435     6.93783
436     6.93783
437     6.93783
438     6.93783
439     6.93783
440     6.93783
441     6.93783
442     6.93783
443     6.93783
444     6.93783
445       6.937
446       6.937
447       6.937
448       6.937
449       6.937
450       6.937
451       6.937
452       6.937
453       6.937
454       6.937
455       6.937
456       6.937
457       6.937
458       6.937
459       6.937
460       6.937
461       6.937
462       6.937
463       6.937
464       6.937
465       6.937
466       6.937
467       6.937
468       6.937
469       6.937
470       6.937
471       6.937
472       6.937
473       6.937
474       6.937
475       6.937
476       6.937
477       6.937
478       6.937
479       6.937
480       6.937
481       6.937
482       6.937
483       6.937
484       6.937
485       6.937
486       6.937
487       6.937
488       6.937
489       6.937
490       6.937
491       6.937
492       6.937
493       6.937
494       6.937
495       6.937
496     6.91926
497     6.91926
498     6.91926
499     6.91926
500     6.91926
501     6.91926
502     6.91926
503     6.85175
504     6.85175
505     6.85175
506     6.85175
507     6.85175
508     6.85175
509     6.85175
510     6.85175
511     6.85175
512     6.85175
513     6.85175
514     6.85175
515     6.85175
516     6.85175
517     6.85175
518     6.85175
519     6.85175
520     6.85175
521     6.85175
522     6.85175
523     6.85175
524     6.85175
525     6.85175
526     6.85175
527     6.85175
528     6.85175
529     6.85175
530     6.85175
531     6.85175
532     6.82264
533     6.82264
534     6.82264
535     6.82264
536     6.82264
537     6.82264
538     6.82264
539     6.82264
540     6.82264
541     6.82264
542     6.82264
543     6.82264
544     6.82264
545     6.82264
546     6.82264
547     6.82264
548     6.82264
549     6.82264
550     6.82264
551     6.82264
552     6.82264
553     6.82264
554     6.82264
555     6.82264
556     6.82264
557     6.82264
558     6.82264
559     6.82264
560     6.82264
561     6.82264
562     6.82264
563     6.82264
564     6.82264
565     6.82264
566     6.82264
567     6.82264
568     6.82264
569     6.82264
570     6.82264
571     6.82264
572     6.82264
573     6.82264
574     6.82264
575     6.82264
576     6.82264
577     6.82264
578     6.82264
579     6.82264
580     6.82264
581     6.82264
582     6.82264
583     6.82264
584     6.82264
585     6.82264
586     6.82264
587     6.82264
588     6.82264
589     6.82264
590     6.82264
591     6.82264
592     6.82264
593     6.82264
594     6.82264
595     6.82264
596     6.82264
597     6.82264
598     6.82264
599     6.82264
600     6.82264
601     6.82264
602     6.82264
603     6.82264
604     6.81491
605     6.81491
606     6.23934
607     6.23934
608     6.23934
609     6.23934
610     6.23934
611     6.23934
612     6.23934
613     6.23934
614     6.23934
615     6.23934
616     6.23934
617     6.23934
618     6.23934
619     6.23934
620     6.23934
621     6.23934
622     6.23934
623     6.23934
624     6.23934
625     6.23934
626     6.23934
627     6.23934
628     6.23934
629     6.23934
630     6.23934
631     6.23934
632     6.23934
633     6.23934
634     6.23934
635     6.23934
636     6.23934
637      6.2316
638      6.2316
639      6.2316
640      6.2316
641      6.2316
642      6.2316
643      6.2316
644      6.2316
645      6.2316
646      6.2316
647      6.2316
648      6.2316
649      6.2316
650      6.2316
651      6.2316
652      6.2316
653      6.2316
654      6.2316
655      6.2316
656     6.21954
657     6.21954
658     6.21954
659     6.21954
660     6.21954
661     6.21954
662     6.21954
663     6.21954
664     6.21954
665     6.21954
666     6.21954
667     6.21954
668     6.21954
669     6.21954
670     6.21954
671     6.21954
672     6.21954
673     6.21954
674     6.21954
675     6.21954
676     6.21954
677     6.21954
678     6.21954
679     6.21954
680     6.21954
681     6.21954
682     6.21954
683     6.21954
684     6.21954
685     6.21954
686     6.21954
687     6.21954
688     6.21954
689     6.21954
690     6.21954
691     6.21954
692     6.21954
693     6.21954
694     6.21954
695     6.21954
696     6.21954
697     6.21954
698     6.21954
699     6.21954
700     6.21954
701     6.21954
702     6.21954
703     6.21954
704     6.21954
705     6.21954
706     6.21954
707     6.21954
708     6.21954
709     6.21954
710     6.21954
711     6.21954
712     6.21954
713     6.21954
714     6.21954
715     6.21954
716     6.21954
717     6.21954
718     6.21954
719     6.21954
720     6.21954
721     6.21954
722     6.21954
723     6.21954
724     6.21954
725     6.21954
726     6.21954
727     6.21954
728     6.21954
729     6.21954
730     6.21954
731     6.21954
732     6.21954
733     6.21954
734     6.21954
735     6.21954
736     6.21954
737     6.21954
738     6.21954
739     6.21954
740     6.21954
741     6.21954
742     6.21954
743     6.21954
744     6.21954
745     6.21954
746     6.21954
747     6.21954
748     6.09841
749     6.09841
750     6.09841
751     6.09841
752     6.09841
753     6.09841
754     6.09841
755     6.09841
756     6.09841
757     6.09841
758     6.09841
759     6.09841
760     6.09841
761     6.09841
762     6.09841
763     6.09841
764     6.09841
765     6.09841
766     6.09841
767     6.09841
768     6.09841
769     6.09841
770     6.09841
771     6.09841
772     6.09841
773     6.09841
774     6.09841
775     6.09841
776     6.09841
777     6.09841
778     6.09841
779     6.09841
780     6.09841
781     6.09841
782     6.09841
783     6.09841
784     6.09841
785     6.09841
786     6.09841
787     6.09841
788     6.09841
789     6.09841
790     6.09841
791     6.09841
792     6.09841
793     6.09841
794     6.09841
795     6.09841
796     6.09841
797     6.09841
798     6.09841
799     6.09841
800     6.09841
801     6.09841
802     6.09841
803     6.09841
804     6.09841
805     6.09841
806     6.09841
807     6.09841
808     6.09841
809     6.09841
810     6.09841
811     6.09841
812     6.09841
813     6.09841
814     6.09841
815     6.09841
816     6.09841
817     6.09841
818     6.09841
819     6.09841
820     6.09841
821     6.09841
822     6.09841
823     6.09841
824     6.09841
825     6.09841
826     6.09841
827     6.09841
828     6.09841
829     6.09841
830     6.09841
831     6.09841
832     6.09841
833     6.09841
834     6.09841
835     6.09841
836     6.09841
837     6.09841
838     6.09841
839     6.09841
840     6.09841
841     5.76181
842     5.76181
843     5.76181
844     5.76181
845     5.76181
846     5.76181
847     5.76181
848     5.76181
849     5.76181
850     5.76181
851     5.59309
852     5.59309
853     5.59309
854     5.59309
855     5.59309
856     5.59309
857     5.59309
858     5.59309
859     5.59309
860     5.59309
861     5.59309
862     5.59309
863     5.59309
864     5.59309
865     5.59309
866     5.59309
867     5.59309
868     5.59309
869     5.59309
870     5.59309
871     5.59309
872     5.59309
873     5.59309
874     5.59309
875     5.59309
876     5.59309
877     5.59309
878     5.59309
879     5.59309
880     5.59309
881     5.59309
882     5.59309
883     5.59309
884     5.59309
885     5.59309
886     5.59309
887     5.59309
888     5.59309
889     5.59309
890     5.59309
891     5.59309
892     5.59309
893     5.59309
894     5.59309
895     5.59309
896     5.59309
897     5.59309
898     5.59309
899     5.59309
900     5.59309
901     5.59309
902     5.59309
903     5.59309
904     5.59309
905     5.59309
906     5.59309
907     5.59309
908     5.59309
909     5.59309
910     5.59309
911     5.59309
912     5.59309
913     5.59309
914     5.59309
915     5.59309
916     5.59309
917     5.59309
918     5.59309
919     5.59309
920     5.59309
921     5.59309
922     5.59309
923     5.59309
924     5.59309
925     5.59309
926     5.59309
927     5.59309
928     5.59309
929     5.59309
930     5.59309
931     5.59309
932     5.59309
933     5.59309
934     5.59309
935     5.59309
936     5.59309
937     5.59309
938     5.59309
939     5.59309
940     5.59309
941     5.59309
942     5.59309
943     5.59309
944     5.59309
945     5.59309
946     5.58981
947     5.36549
948     5.36549
949     5.36549
950     5.36549
951     5.36549
952     5.36549
953     5.36549
954     5.36549
955     5.36549
956     5.36549
957     5.36549
958     5.36549
959     5.36549
960     5.36549
961     5.36549
962     5.36549
963     5.36549
964     5.36549
965     5.36549
966     5.36549
967     5.36549
968     5.36549
969     5.36549
970     5.36549
971     5.36549
972     5.36549
973     5.36549
974     5.36549
975     5.36549
976     5.36549
977     5.36549
978     5.36549
979     5.36549
980     5.36549
981     5.36549
982     5.36549
983     5.36549
984     5.36549
985     5.36549
986     5.36549
987     5.36549
988     5.36549
989     5.36549
990     5.36549
991     5.36549
992     5.36549
993     5.36549
994     5.36549
995      5.2064
996      5.2064
997      5.2064
998      5.2064
999      5.2064
1000      5.2064
1001      5.2064
1002      5.2064
1003      5.2064
1004      5.2064
1005      5.2064
1006      5.2064
1007      5.2064
1008      5.2064
1009      5.2064
1010      5.2064
1011      5.2064
1012      5.2064
1013      5.2064
1014      5.2064
1015      5.2064
1016     5.04326
1017     5.04326
1018     5.04326
1019     5.04326
1020     5.04326
1021     5.04326
1022     5.04326
1023     5.04326
1024     5.04326
1025     5.04326
1026     5.04326
1027     5.04326
1028     5.04326
1029     5.04326
1030     5.04326
1031     5.04326
1032     5.04326
1033     5.04326
1034     5.04326
1035     5.04326
1036     5.04326
1037     5.04326
1038     5.04326
1039     5.04326
1040     5.04326
1041     5.04326
1042     5.04326
1043     5.04326
1044     5.04326
1045     5.04326
1046     5.04326
1047     5.04326
1048     5.04326
1049     5.04326
1050     5.04326
1051     5.04326
1052     5.04326
1053     5.04326
1054     5.04326
1055     5.04326
1056     5.04326
1057     5.04326
1058     5.04326
1059     5.04326
1060     5.04326
1061     5.04326
1062     5.04326
1063     5.04326
1064     5.04326
1065     5.04326
1066     5.04326
1067     5.04326
1068     5.04326
1069     5.04326
1070     5.04326
1071     5.04326
1072     5.04326
1073     5.04326
1074     5.04326
1075     5.04326
1076     5.04326
1077     5.04326
1078     5.04326
1079     5.04326
1080     5.04326
1081     5.04326
1082     5.04326
1083     5.04326
1084     5.04326
1085     5.04326
1086     5.04326
1087     5.04326
1088     5.04326
1089     5.04326
1090     5.04326
1091     5.04326
1092     5.04326
1093     5.04326
1094     5.04326
1095     5.04326
1096     5.04326
1097     5.04326
1098     5.04326
1099     5.04326
1100     5.04326
1101     5.04326
1102     5.04326
1103     5.04326
1104     5.04326
1105     5.04326
1106     5.04326
1107     5.04326
1108     5.04326
1109     5.04326
1110     5.04326
1111     5.04326
1112     5.04326
1113     5.04326
1114     5.04326
1115     5.04326
1116     5.04326
1117     5.04326
1118     5.04326
1119     5.04326
1120     5.04326
1121     5.04326
1122     5.04326
1123     5.04326
1124     5.04326
1125     5.04326
1126     5.04326
1127     5.04326
1128     5.04326
1129     5.04326
1130     5.04326
1131     5.04326
1132     5.04326
1133     5.04326
1134     5.04326
1135     5.04326
1136     5.04326
1137     5.04326
1138     5.04326
1139     5.04326
1140     5.04326
1141     5.04326
1142     5.04326
1143     5.04326
1144     5.04326
1145     5.04326
1146     5.04326
1147     5.04326
1148     5.04326
1149     5.04326
1150     5.04326
1151     5.04326
1152     5.04326
1153     5.04326
1154     5.04326
1155     5.04326
1156     5.04326
1157     5.04326
1158     5.04326
1159     5.04326
1160     5.04326
1161     5.04326
1162     5.04326
1163     5.04326
1164     5.04326
1165     5.04326
1166     5.04326
1167     5.04326
1168     5.04326
1169     5.04326
1170     5.04326
1171     5.04326
1172     5.04326
1173     5.04326
1174     5.04326
1175     5.04326
1176     5.04326
1177     5.04326
1178     5.04326
1179     5.04326
1180     5.04326
1181     5.04326
1182     5.04326
1183     5.04326
1184     5.04326
1185     5.04326
1186     5.04326
1187     5.04326
1188     5.04326
1189     5.04326
1190     5.04326
1191     5.04326
1192     5.04326
1193     5.04326
1194     5.04326
1195     5.04326
1196     4.95768
1197     4.95768
1198     4.95768
1199     4.95768
1200     4.95768
1201     4.95768
1202     4.95768
1203     4.95768
1204     4.95768
1205     4.95768
1206     4.95768
1207     4.95768
1208     4.95768
1209     4.95768
1210     4.95768
1211     4.95768
1212     4.95768
1213     4.95768
1214     4.95768
1215     4.95768
1216     4.95768
1217     4.95768
1218     4.95768
1219     4.95768
1220     4.95768
1221     4.95768
1222     4.95768
1223     4.95768
1224     4.95768
1225     4.95768
1226     4.95768
1227     4.95768
1228     4.95768
1229     4.95768
1230     4.95768
1231     4.95768
1232     4.95768
1233     4.95768
1234     4.95768
1235     4.95768
1236     4.95768
1237     4.95768
1238     4.95768
1239     4.95768
1240     4.95768
1241     4.95768
1242     4.95768
1243     4.95768
1244     4.95768
1245     4.95768
1246     4.95768
1247     4.95768
1248     4.95768
1249     4.95768
1250     4.95768
1251     4.95768
1252     4.95768
1253     4.95768
1254     4.95768
1255     4.95768
1256     4.95768
1257     4.95768
1258     4.95768
1259     4.95768
1260     4.95768
1261     4.95768
1262     4.95768
1263     4.95768
1264     4.95768
1265     4.95768
1266     4.95768
1267     4.95768
1268     4.95768
1269     4.95768
1270     4.95768
1271     4.95768
1272     4.95768
1273     4.95768
1274     4.95768
1275     4.95768
1276     4.95768
1277     4.95768
1278     4.95768
1279     4.95768
1280     4.95768
1281     4.95768
1282     4.95768
1283     4.95768
1284     4.95768
1285     4.95768
1286     4.95768
1287     4.95768
1288     4.95768
1289     4.95768
1290     4.95768
1291     4.95768
1292     4.95768
1293     4.95768
1294     4.95768
1295     4.95768
1296     4.95768
1297     4.95768
1298     4.95768
1299     4.95768
1300     4.95768
1301     4.95768
1302     4.95768
1303     4.95768
1304     4.95768
1305     4.95768
1306     4.95768
1307     4.95768
1308     4.95768
1309     4.95768
1310     4.95768
1311     4.95768
1312     4.95768
1313     4.95768
1314     4.95768
1315     4.95768
1316     4.95768
1317     4.95768
1318     4.95768
1319     4.95768
1320     4.95768
1321     4.84472
1322     4.84472
1323     4.84472
1324     4.84472
1325     4.84472
1326     4.84472
1327     4.84472
1328     4.84472
1329     4.84472
1330     4.84472
1331     4.84472
1332     4.84472
1333     4.84472
1334     4.84472
1335     4.84472
1336     4.84472
1337     4.84472
1338     4.84472
1339     4.84472
1340     4.84472
1341     4.84472
1342     4.84472
1343     4.84472
1344     4.84472
1345     4.84472
1346     4.84472
1347     4.84472
1348     4.84472
1349     4.84472
1350     4.84472
1351     4.84472
1352     4.84472
1353     4.84472
1354     4.84472
1355     4.84472
1356     4.84472
1357     4.84472
1358     4.84472
1359     4.84472
1360     4.84472
1361     4.84472
1362     4.84472
1363     4.84472
1364     4.84472
1365     4.84472
1366     4.84472
1367     4.84472
1368     4.84472
1369     4.84472
1370     4.84472
1371     4.84472
1372     4.84472
1373     4.84472
1374     4.84472
1375     4.84472
1376     4.84472
1377     4.84472
1378     4.84472
1379     4.84472
1380     4.84472
1381     4.84472
1382     4.84472
1383     4.84472
1384     4.84472
1385     4.84472
1386     4.84472
1387     4.84472
1388     4.84472
1389     4.84472
1390     4.84472
1391     4.84472
1392     4.84472
1393     4.84472
1394     4.84472
1395     4.84472
1396     4.84472
1397     4.84472
1398     4.84472
1399     4.84472
1400     4.84472
1401     4.84472
1402     4.84472
1403     4.84472
1404     4.84472
1405     4.84472
1406     4.84472
1407     4.84472
1408     4.84472
1409     4.84472
1410     4.84472
1411     4.84472
1412     4.84472
1413     4.84472
1414     4.84472
1415     4.84472
1416     4.84472
1417     4.84472
1418     4.84472
1419     4.84472
1420     4.84472
1421     4.84472
1422     4.84472
1423     4.84472
1424     4.84472
1425     4.84472
1426     4.84472
1427     4.84472
1428     4.84472
1429     4.84472
1430     4.84472
1431     4.84472
1432     4.84472
1433     4.84472
1434     4.84472
1435     4.84472
1436     4.84472
1437     4.84472
1438     4.84472
1439     4.84472
1440     4.84472
1441     4.84472
1442     4.84472
1443     4.84472
1444     4.84472
1445     4.84472
1446     4.84472
1447     4.84472
1448     4.84472
1449     4.84472
1450     4.84472
1451     4.84472
1452     4.84472
1453     4.84472
1454     4.84472
1455     4.84472
1456     4.84472
1457     4.84472
1458     4.84472
1459     4.84472
1460     4.84472
1461     4.84472
1462     4.84472
1463     4.84472
1464     4.84472
1465     4.84472
1466     4.84472
1467     4.84472
1468     4.84472
1469     4.84472
1470     4.84472
1471     4.84472
1472     4.84472
1473     4.84472
1474     4.84472
1475     4.84472
1476     4.84472
1477     4.84472
1478     4.84472
1479     4.84472
1480     4.84472
1481     4.84472
1482     4.84472
1483     4.84472
1484     4.84472
1485     4.84472
1486     4.84472
1487     4.84472
1488     4.84472
1489     4.84472
1490     4.84472
1491     4.84472
1492     4.84472
1493     4.84472
1494     4.84472
1495     4.84472
1496     4.84472
1497     4.84472
1498     4.84472
1499     4.84472
1500     4.84472
1501     4.84472
1502     4.84472
1503     4.84472
1504     4.84472
1505     4.84472
1506     4.84472
1507     4.84472
1508     4.84472
1509     4.84472
1510     4.84472
1511     4.84472
1512     4.84472
1513     4.84472
1514     4.84472
1515     4.84472
1516     4.84472
1517     4.84472
1518     4.84472
1519     4.84472
1520     4.84472
1521     4.84472
1522     4.84472
1523     4.84472
1524     4.84472
1525     4.84472
1526     4.84472
1527     4.84472
1528     4.84472
1529     4.84472
1530     4.84472
1531     4.84472
1532     4.84472
1533     4.84472
1534     4.84472
1535     4.84472
1536     4.84472
1537     4.84472
1538     4.84472
1539     4.84472
1540     4.84472
1541     4.84472
1542     4.84472
1543     4.84472
1544     4.84472
1545     4.84472
1546     4.84472
1547     4.84472
1548     4.84472
1549     4.84472
1550     4.84472
1551     4.84472
1552     4.84472
1553     4.84472
1554     4.84472
1555     4.84472
1556     4.84472
1557     4.84472
1558     4.84472
1559     4.84472
1560     4.84472
1561     4.84472
1562     4.84472
1563     4.84472
1564     4.84472
1565     4.84472
1566     4.84472
1567     4.84472
1568     4.84472
1569     4.84472
1570     4.84472
1571     4.84472
1572     4.84472
1573     4.84472
1574     4.84472
1575     4.84472
1576     4.84472
1577     4.84472
1578     4.84472
1579     4.84472
1580     4.84472
1581     4.84472
1582     4.84472
1583     4.84472
1584     4.84472
1585     4.84472
1586     4.84472
1587     4.84472
1588     4.84472
1589     4.84472
1590     4.84472
1591     4.84472
1592     4.84472
1593     4.84472
1594     4.84472
1595     4.84472
1596     4.84472
1597     4.84472
1598     4.84472
1599     4.84472
1600     4.84472
1601     4.84472
1602     4.84472
1603     4.84472
1604     4.84472
1605     4.84472
1606     4.84472
1607     4.84472
1608     4.84472
1609     4.84472
1610     4.84472
1611     4.84472
1612     4.84472
1613     4.84472
1614     4.84472
1615     4.84472
1616     4.84472
1617     4.84472
1618     4.84472
1619     4.84472
1620     4.84472
1621     4.84472
1622     4.84472
1623     4.84472
1624     4.84472
1625     4.84472
1626     4.84472
1627     4.84472
1628     4.84472
1629     4.84472
1630     4.84472
1631     4.84472
1632     4.84472
1633     4.84472
1634     4.84472
1635     4.84472
1636     4.84472
1637     4.84472
1638     4.84472
1639     4.84472
1640     4.84472
1641     4.84472
1642     4.84472
1643     4.84472
1644     4.84472
1645     4.84472
1646     4.84472
1647     4.84472
1648     4.84472
1649     4.84472
1650     4.84472
1651     4.84472
1652     4.84472
1653     4.84472
1654     4.84472
1655     4.84472
1656     4.84472
1657     4.84472
1658     4.84472
1659     4.84472
1660     4.84472
1661     4.84472
1662     4.84472
1663     4.84472
1664     4.84472
1665     4.84472
1666     4.84472
1667     4.84472
1668     4.84472
1669     4.84472
1670     4.84472
1671     4.84472
1672     4.84472
1673     4.84472
1674     4.84472
1675     4.84472
1676     4.84472
1677     4.84472
1678     4.84472
1679     4.84472
1680     4.84472
1681     4.84472
1682     4.84472
1683     4.84472
1684     4.84472
1685     4.84472
1686     4.84472
1687     4.84472
1688     4.84472
1689     4.84472
1690     4.84472
1691     4.84472
1692     4.84472
1693     4.84472
1694     4.84472
1695     4.84472
1696     4.84472
1697     4.84472
1698     4.84472
1699     4.80846
1700     4.80846
1701     4.80846
1702     4.80846
1703     4.80846
1704     4.80846
1705     4.80846
1706     4.80846
1707     4.80846
1708     4.80846
1709     4.80846
1710     4.80846
1711     4.80846
1712     4.80846
1713     4.80846
1714     4.80846
1715     4.80846
1716     4.80846
1717     4.80846
1718     4.80846
1719     4.80846
1720     4.80846
1721     4.80846
1722     4.80846
1723     4.80846
1724     4.80846
1725     4.80846
1726     4.80846
1727     4.80846
1728     4.80846
1729     4.80846
1730     4.80846
1731     4.80846
1732     4.80846
1733     4.80846
1734     4.80846
1735     4.80846
1736     4.80846
1737     4.80846
1738     4.80846
1739     4.80846
1740     4.80846
1741     4.80846
1742     4.80846
1743     4.80846
1744     4.80846
1745     4.80846
1746     4.80846
1747     4.80846
1748     4.80846
1749     4.80846
1750     4.80846
1751     4.80846
1752     4.80846
1753     4.80846
1754     4.80846
1755     4.80846
1756     4.80846
1757     4.80846
1758     4.80846
1759     4.80846
1760     4.80846
1761     4.80846
1762     4.80846
1763     4.80846
1764     4.80846
1765     4.80846
1766     4.80846
1767     4.80846
1768     4.80846
1769     4.80846
1770     4.80846
1771     4.80846
1772     4.80846
1773     4.80846
1774     4.80846
1775     4.80846
1776     4.80846
1777     4.80846
1778     4.80846
1779     4.80846
1780     4.80846
1781     4.80846
1782     4.80846
1783     4.80846
1784     4.80846
1785     4.80846
1786     4.80846
1787     4.80846
1788     4.80846
1789     4.80846
1790     4.80846
1791     4.80846
1792     4.80846
1793     4.80846
1794     4.80846
1795     4.80846
1796     4.80846
1797     4.80846
1798     4.80846
1799     4.80846
1800     4.80846
1801     4.80846
1802     4.80846
1803     4.80846
1804     4.80846
1805     4.80846
1806     4.80846
1807     4.80846
1808     4.80846
1809     4.80846
1810     4.80846
1811     4.80846
1812     4.80846
1813     4.80846
1814     4.80846
1815     4.80846
1816     4.80846
1817     4.80846
1818     4.80846
1819     4.80846
1820     4.80846
1821     4.80846
1822     4.80846
1823     4.80846
1824     4.80846
1825     4.80846
1826     4.80846
1827     4.80846
1828     4.80846
1829     4.80846
1830     4.80846
1831     4.80846
1832     4.80846
1833     4.80846
1834     4.80846
1835     4.80846
1836     4.80846
1837     4.80846
1838     4.80846
1839     4.80846
1840     4.80846
1841     4.80846
1842     4.80846
1843     4.80846
1844     4.80846
1845     4.80846
1846     4.80846
1847     4.80846
1848     4.80846
1849     4.80846
1850     4.80846
1851     4.80846
1852     4.80846
1853     4.80846
1854     4.80846
1855     4.80846
1856     4.80846
1857     4.80846
1858     4.80846
1859     4.80846
1860     4.80846
1861     4.80846
1862     4.80846
1863     4.80846
1864     4.80846
1865     4.80846
1866     4.80846
1867     4.80846
1868     4.80846
1869     4.80846
1870     4.80846
1871     4.80846
1872     4.80846
1873     4.80846
1874     4.80846
1875     4.80846
1876     4.80846
1877     4.80846
1878     4.80846
1879     4.80846
1880     4.80846
1881     4.80846
1882     4.80846
1883     4.80846
1884     4.80846
1885     4.80846
1886     4.80846
1887     4.80846
1888     4.80846
1889     4.80846
1890     4.80846
1891     4.80846
1892     4.80846
1893     4.80846
1894     4.80846
1895     4.80846
1896     4.80846
1897     4.80846
1898     4.80846
1899     4.80846
1900     4.80846
1901     4.80846
1902     4.80846
1903     4.80846
1904     4.80846
1905     4.80846
1906     4.80846
1907     4.80846
1908     4.80846
1909     4.80846
1910     4.80846
1911     4.80846
1912     4.80846
1913     4.80846
1914     4.80846
1915     4.80846
1916     4.80846
1917     4.80846
1918     4.80846
1919     4.80846
1920     4.80846
1921     4.80846
1922     4.80846
1923     4.80846
1924     4.80846
1925     4.80846
1926     4.80846
1927     4.80846
1928     4.80846
1929     4.80846
1930     4.80846
1931     4.80846
1932     4.80846
1933     4.80846
1934     4.80846
1935     4.80846
1936     4.80846
1937     4.80846
1938     4.80846
1939     4.80846
1940     4.80846
1941     4.80846
1942     4.80846
1943     4.80846
1944     4.80846
1945     4.80846
1946     4.80846
1947     4.80846
1948     4.80846
1949     4.80846
1950     4.80846
1951     4.80846
1952     4.80846
1953     4.80846
1954     4.80846
1955     4.80846
1956     4.80846
1957     4.80846
1958     4.80846
1959     4.80846
1960     4.80846
1961     4.80846
1962     4.80846
1963     4.80846
1964     4.80846
1965     4.80846
1966     4.80846
1967     4.80846
1968     4.80846
1969     4.80846
1970     4.80846
1971     4.80846
1972     4.80846
1973     4.80846
1974     4.80846
1975     4.80846
1976     4.80846
1977     4.80846
1978     4.80846
1979     4.80846
1980     4.80846
1981     4.80846
1982     4.80846
1983     4.80846
1984     4.80846
1985     4.80846
1986     4.80846
1987     4.80846
1988     4.80846
1989     4.80846
1990     4.80846
1991     4.80846
1992     4.80846
1993     4.80846
1994     4.80846
1995     4.80846
1996     4.80846
1997     4.80846
1998     4.80846
1999     4.80846
2000     4.80846
2001     4.80846
2002     4.80846
2003     4.80846
2004     4.80846
2005     4.80846
2006     4.80846
2007     4.80846
2008     4.80846
2009     4.80846
2010     4.80846
2011     4.80846
2012     4.80846
2013     4.80846
2014     4.80846
2015     4.80846
2016     4.80846
2017     4.80846
2018     4.80846
2019     4.80846
2020     4.80846
2021     4.80846
2022     4.80846
2023     4.80846
2024     4.80846
2025     4.80846
2026     4.80846
2027     4.80846
2028     4.80846
2029     4.80846
2030     4.80846
2031     4.80846
2032     4.80846
2033     4.80846
2034     4.80846
2035     4.80846
2036     4.80846
2037     4.80846
2038     4.80846
2039     4.80846
2040     4.80846
2041     4.80846
2042     4.80846
2043     4.80846
2044     4.80846
2045     4.80846
2046     4.80846
2047     4.80846
2048     4.80846
2049     4.80846
2050     4.80846
2051     4.80846
2052     4.80846
2053     4.80846
2054     4.80846
2055     4.80846
2056     4.80846
2057     4.80846
2058     4.80846
2059     4.80846
2060     4.80846
2061     4.80846
2062     4.80846
2063     4.80846
2064     4.80846
2065     4.80846
2066     4.80846
2067     4.80846
2068     4.80846
2069     4.80846
2070     4.80846
2071     4.80846
2072     4.80846
2073     4.80846
2074     4.80846
2075     4.80846
2076     4.80846
2077     4.80846
2078     4.80846
2079     4.80846
2080     4.80846
2081     4.80846
2082     4.80846
2083     4.80846
2084     4.80846
2085     4.80846
2086     4.80846
2087     4.80846
2088     4.80846
2089     4.80846
2090     4.80846
2091     4.80846
2092     4.80846
2093     4.80846
2094     4.80846
2095     4.80846
2096     4.80846
2097     4.80846
2098     4.80846
2099     4.80846
2100     4.80846
2101     4.80846
2102     4.80846
2103     4.80846
2104     4.80846
2105     4.80846
2106     4.80846
2107     4.80846
2108     4.80846
2109     4.80846
2110     4.80846
2111     4.80846
2112     4.80846
2113     4.80846
2114     4.80846
2115     4.80846
2116     4.80846
2117     4.80846
2118     4.80846
2119     4.80846
2120     4.80846
2121     4.80846
2122     4.80846
2123     4.80846
2124     4.80846
2125     4.80846
2126     4.80846
2127     4.80846
2128     4.80846
2129     4.80846
2130     4.80846
2131     4.80846
2132     4.80846
2133     4.80846
2134     4.80846
2135     4.80846
2136     4.80846
2137     4.80846
2138     4.80846
2139     4.80846
2140     4.80846
2141     4.80846
2142     4.80846
2143     4.80846
2144     4.80846
2145     4.80846
2146     4.80846
2147     4.80846
2148     4.80846
2149     4.80846
2150     4.80846
2151     4.80846
2152     4.80846
2153     4.80846
2154     4.80846
2155     4.80846
2156     4.80846
2157     4.80846
2158     4.80846
2159     4.80846
2160     4.80846
2161     4.80846
2162     4.80846
2163     4.80846
2164     4.80846
2165     4.80846
2166     4.80846
2167     4.80846
2168     4.80846
2169     4.80846
2170     4.80846
2171     4.80846
2172     4.80846
2173     4.80846
2174     4.80846
2175     4.80846
2176     4.80846
2177     4.80846
2178     4.80846
2179     4.80846
2180     4.80846
2181     4.80846
2182     4.80846
2183     4.80846
2184     4.80846
2185     4.80846
2186     4.80846
2187     4.80846
2188     4.80846
2189     4.80846
2190     4.80846
2191     4.80846
2192     4.80846
2193     4.80846
2194     4.80846
2195     4.80846
2196     4.80846
2197     4.80846
2198     4.80846
2199     4.80846
2200     4.80846
2201     4.80846
2202     4.80846
2203     4.80846
2204     4.80846
2205     4.80846
2206     4.80846
2207     4.80846
2208     4.80846
2209     4.80846
2210     4.80846
2211     4.80846
2212     4.80846
2213     4.80846
2214     4.80846
2215     4.80846
2216     4.80846
2217     4.80846
2218     4.80846
2219     4.80846
2220     4.80846
2221     4.80846
2222     4.80846
2223     4.80846
2224     4.80846
2225     4.80846
2226     4.80846
2227     4.80846
2228     4.80846
2229     4.80846
2230     4.80846
2231     4.80846
2232     4.80846
2233     4.80846
2234     4.80846
2235     4.80846
2236     4.80846
2237     4.80846
2238     4.80846
2239     4.80846
2240     4.80846
2241     4.80846
2242     4.80846
2243     4.80846
2244     4.80846
2245     4.80846
2246     4.80846
2247     4.80846
2248     4.80846
2249     4.80846
2250     4.80846
2251     4.80846
2252     4.80846
2253     4.80846
2254     4.80846
2255     4.80846
2256     4.80846
2257     4.80846
2258     4.80846
2259     4.80846
2260     4.80846
2261     4.80846
2262     4.80846
2263     4.80846
2264     4.80846
2265     4.80846
2266     4.80846
2267     4.80846
2268     4.80846
2269     4.80846
2270     4.80846
2271     4.80846
2272     4.80846
2273     4.80846
2274     4.80846
2275     4.80846
2276     4.80846
2277     4.80846
2278     4.80846
2279     4.80846
2280     4.80846
2281     4.80846
2282     4.80846
2283     4.80846
2284     4.80846
2285     4.80846
2286     4.80846
2287     4.80846
2288     4.80846
2289     4.80846
2290     4.80846
2291     4.80846
2292     4.80846
2293     4.80846
2294     4.80846
2295     4.80846
2296     4.80846
2297     4.80846
2298     4.80846
2299     4.80846
2300     4.80846
2301     4.80846
2302     4.80846
2303     4.80846
2304     4.80846
2305     4.80846
2306     4.80846
2307     4.80846
2308     4.80846
2309     4.80846
2310     4.80846
2311     4.80846
2312     4.80846
2313     4.80846
2314     4.80846
2315     4.80846
2316     4.80846
2317     4.80846
2318     4.80846
2319     4.80846
2320     4.80846
2321     4.80846
2322     4.80846
2323     4.80846
2324     4.80846
2325     4.80846
2326     4.80846
2327     4.80846
2328     4.80846
2329     4.80846
2330     4.80846
2331     4.80846
2332     4.80846
2333     4.80846
2334     4.80846
2335     4.80846
2336     4.80846
2337     4.80846
2338     4.80846
2339     4.80846
2340     4.80846
2341     4.80846
2342     4.80846
2343     4.80846
2344     4.80846
2345     4.80846
2346     4.80846
2347     4.80846
2348     4.80846
2349     4.80846
2350     4.80846
2351     4.80846
2352     4.80846
2353     4.80846
2354     4.80846
2355     4.80846
2356     4.80846
2357     4.80846
2358     4.80846
2359     4.80846
2360     4.80846
2361     4.80846
2362     4.80846
2363     4.80846
2364     4.80846
2365     4.80846
2366     4.80846
2367     4.80846
2368     4.80846
2369     4.80846
2370     4.80846
2371     4.80846
2372     4.80846
2373     4.80846
2374     4.80846
2375     4.80846
2376     4.80846
2377     4.80846
2378     4.80846
2379     4.80846
2380     4.80846
2381     4.80846
2382     4.80846
2383     4.80846
2384     4.80846
2385     4.80846
2386     4.80846
2387     4.80846
2388     4.80846
2389     4.80846
2390     4.80846
2391     4.80846
2392     4.80846
2393     4.80846
2394     4.80846
2395     4.80846
2396     4.80846
2397     4.80846
2398     4.80846
2399     4.80846
2400     4.80846
2401     4.80846
2402     4.80846
2403     4.80846
2404     4.80846
2405     4.80846
2406     4.80846
2407     4.80846
2408     4.80846
2409     4.80846
2410     4.80846
2411     4.80846
2412     4.80846
2413     4.80846
2414     4.80846
2415     4.80846
2416     4.80846
2417     4.80846
2418     4.80846
2419     4.80846
2420     4.80846
2421     4.80846
2422     4.80846
2423     4.80846
2424     4.80846
2425     4.80846
2426     4.80846
2427     4.80846
2428     4.80846
2429     4.80846
2430     4.80846
2431     4.80846
2432     4.80846
2433     4.80846
2434     4.80846
2435     4.80846
2436     4.80846
2437     4.80846
2438     4.80846
2439     4.80846
2440     4.80846
2441     4.80846
2442     4.80846
2443     4.80846
2444     4.80846
2445     4.80846
2446     4.80846
2447     4.80846
2448     4.80846
2449     4.80846
2450     4.80846
2451     4.80846
2452     4.80846
2453     4.80846
2454     4.80846
2455     4.80846
2456     4.80846
2457     4.80846
2458     4.80846
2459     4.80846
2460     4.80846
2461     4.80846
2462     4.80846
2463     4.80846
2464     4.80846
2465     4.80846
2466     4.80846
2467     4.80846
2468     4.80846
2469     4.80846
2470     4.80846
2471     4.80846
2472     4.80846
2473     4.80846
2474     4.80846
2475     4.80846
2476     4.80846
2477     4.80846
2478     4.80846
2479     4.80846
2480     4.80846
2481     4.80846
2482     4.80846
2483     4.80846
2484     4.80846
2485     4.80846
2486     4.80846
2487     4.80846
2488     4.80846
2489     4.80846
2490     4.80846
2491     4.80846
2492     4.80846
2493     4.80846
2494     4.80846
2495     4.80846
2496     4.80846
2497     4.80846
2498     4.80846
2499     4.80846
2500     4.80846
2501     4.80846
2502     4.80846
2503     4.80846
2504     4.80846
2505     4.80846
2506     4.80846
2507     4.80846
2508     4.80846
2509     4.80846
2510     4.80846
2511     4.80846
2512     4.80846
2513     4.80846
2514     4.80846
2515     4.80846
2516     4.80846
2517     4.80846
2518     4.80846
2519     4.80846
2520     4.80846
2521     4.80846
2522     4.80846
2523     4.80846
2524     4.80846
2525     4.80846
2526     4.80846
2527     4.80846
2528     4.80846
2529     4.80846
2530     4.80846
2531     4.80846
2532     4.80846
2533     4.80846
2534     4.80846
2535     4.80846
2536     4.80846
2537     4.80846
2538     4.80846
2539     4.80846
2540     4.80846
2541     4.80846
2542     4.80846
2543     4.80846
2544     4.80846
2545     4.80846
2546     4.80846
2547     4.80846
2548     4.80846
2549     4.80846
2550     4.80846
2551     4.80846
2552     4.80846
2553     4.80846
2554     4.80846
2555     4.80846
2556     4.80846
2557     4.80846
2558     4.80846
2559     4.80846
2560     4.80846
2561     4.80846
2562     4.80846
2563     4.80846
2564     4.80846
2565     4.80846
2566     4.80846
2567     4.80846
2568     4.80846
2569     4.80846
2570     4.80846
2571     4.80846
2572     4.80846
2573     4.80846
2574     4.80846
2575     4.80846
2576     4.80846
2577     4.80846
2578     4.80846
2579     4.80846
2580     4.80846
2581     4.80846
2582     4.80846
2583     4.80846
2584     4.80846
2585     4.80846
2586     4.80846
2587     4.80846
2588     4.80846
2589     4.80846
2590     4.80846
2591     4.80846
2592     4.80846
2593     4.80846
2594     4.80846
2595     4.80846
2596     4.80846
2597     4.80846
2598     4.80846
2599     4.80846
2600     4.80846
2601     4.80846
2602     4.80846
2603     4.80846
2604     4.80846
2605     4.80846
2606     4.80846
2607     4.80846
2608     4.80846
2609     4.80846
2610     4.80846
2611     4.80846
2612     4.80846
2613     4.80846
2614     4.80846
2615     4.80846
2616     4.80846
2617     4.80846
2618     4.80846
2619     4.80846
2620     4.80846
2621     4.80846
2622     4.80846
2623     4.80846
2624     4.80846
2625     4.80846
2626     4.80846
2627     4.80846
2628     4.80846
2629     4.80846
2630     4.80846
2631     4.80846
2632     4.80846
2633     4.80846
2634     4.80846
2635     4.80846
2636     4.80846
2637     4.80846
2638     4.80846
2639     4.80846
2640     4.80846
2641     4.80846
2642     4.80846
2643     4.80846
2644     4.80846
2645     4.80846
2646     4.80846
2647     4.80846
2648     4.80846
2649     4.80846
2650     4.80846
2651     4.80846
2652     4.80846
2653     4.80846
2654     4.80846
2655     4.80846
2656     4.80846
2657     4.80846
2658     4.80846
2659     4.80846
2660     4.80846
2661     4.80846
2662     4.80846
2663     4.80846
2664     4.80846
2665     4.80846
2666     4.80846
2667     4.80846
2668     4.80846
2669     4.80846
2670     4.80846
2671     4.80846
2672     4.80846
2673     4.80846
2674     4.80846
2675     4.80846
2676     4.80846
2677     4.80846
2678     4.80846
2679     4.80846
2680     4.80846
2681     4.80846
2682     4.80846
2683     4.80846
2684     4.80846
2685     4.80846
2686     4.80846
2687     4.80846
2688     4.80846
2689     4.80846
2690     4.80846
2691     4.80846
2692     4.80846
2693     4.80846
2694     4.80846
2695     4.80846
2696     4.80846
2697     4.80846
2698     4.80846
2699     4.80846
2700     4.80846
2701     4.80846
2702     4.80846
2703     4.80846
2704     4.80846
2705     4.80846
2706     4.80846
2707     4.80846
2708     4.80846
2709     4.80846
2710     4.80846
2711     4.80846
2712     4.80846
2713     4.80846
2714     4.80846
2715     4.80846
2716     4.80846
2717     4.80846
2718     4.80846
2719     4.80846
2720     4.80846
2721     4.80846
2722     4.80846
2723     4.80846
2724     4.80846
2725     4.80846
2726     4.80846
2727     4.80846
2728     4.80846
2729     4.80846
2730     4.80846
2731     4.80846
2732     4.80846
2733     4.80846
2734     4.80846
2735     4.80846
2736     4.80846
2737     4.80846
2738     4.80846
2739     4.80846
2740     4.80846
2741     4.80846
2742     4.80846
2743     4.80846
2744     4.80846
2745     4.80846
2746     4.80846
2747     4.80846
2748     4.80846
2749     4.80846
2750     4.80846
2751     4.80846
2752     4.80846
2753     4.80846
2754     4.80846
2755     4.80846
2756     4.80846
2757     4.80846
2758     4.80846
2759     4.80846
2760     4.80846
2761     4.80846
2762     4.80846
2763     4.80846
2764     4.80846
2765     4.80846
2766     4.80846
2767     4.80846
2768     4.80846
2769     4.80846
2770     4.80846
2771     4.80846
2772     4.80846
2773     4.80846
2774     4.80846
2775     4.80846
2776     4.80846
2777     4.80846
2778     4.80846
2779     4.80846
2780     4.80846
2781     4.80846
2782     4.80846
2783     4.80846
2784     4.80846
2785     4.80846
2786     4.80846
2787     4.80846
2788     4.80846
2789     4.80846
2790     4.80846
2791     4.80846
2792     4.80846
2793     4.80846
2794     4.80846
2795     4.80846
2796     4.80846
2797     4.80846
2798     4.80846
2799     4.80846
2800     4.80846
2801     4.80846
2802     4.80846
2803     4.80846
2804     4.80846
2805     4.80846
2806     4.80846
2807     4.80846
2808     4.80846
2809     4.80846
2810     4.80846
2811     4.80846
2812     4.80846
2813     4.80846
2814     4.80846
2815     4.80846
2816     4.80846
2817     4.80846
2818     4.80846
2819     4.80846
2820     4.80846
2821     4.80846
2822     4.80846
2823     4.80846
2824     4.80846
2825     4.80846
2826     4.80846
2827     4.80846
2828     4.80846
2829     4.80846
2830     4.80846
2831     4.80846
2832     4.80846
2833     4.80846
2834     4.80846
2835     4.80846
2836     4.80846
2837     4.80846
2838     4.80846
2839     4.80846
2840     4.80846
2841     4.80846
2842     4.80846
2843     4.80846
2844     4.80846
2845     4.80846
2846     4.80846
2847     4.80846
2848     4.80846
2849     4.80846
2850     4.80846
2851     4.80846
2852     4.80846
2853     4.80846
2854     4.80846
2855     4.80846
2856     4.80846
2857     4.80846
2858     4.80846
2859     4.80846
2860     4.80846
2861     4.80846
2862     4.80846
2863     4.80846
2864     4.80846
2865     4.80846
2866     4.80846
2867     4.80846
2868     4.80846
2869     4.80846
2870     4.80846
2871     4.80846
2872     4.80846
2873     4.80846
2874     4.80846
2875     4.80846
2876     4.80846
2877     4.80846
2878     4.80846
2879     4.80846
2880     4.80846
2881     4.80846
2882     4.80846
2883     4.80846
2884     4.80846
2885     4.80846
2886     4.80846
2887     4.80846
2888     4.80846
2889     4.80846
2890     4.80846
2891     4.80846
2892     4.80846
2893     4.80846
2894     4.80846
2895     4.80846
2896     4.80846
2897     4.80846
2898     4.80846
2899     4.80846
2900     4.80846
2901     4.80846
2902     4.80846
2903     4.80846
2904     4.80846
2905     4.80846
2906     4.80846
2907     4.80846
2908     4.80846
2909     4.80846
2910     4.80846
2911     4.80846
2912     4.80846
2913     4.80846
2914     4.80846
2915     4.80846
2916     4.80846
2917     4.80846
2918     4.80846
2919     4.80846
2920     4.80846
2921     4.80846
2922     4.80846
2923     4.80846
2924     4.80846
2925     4.80846
2926     4.80846
2927     4.80846
2928     4.80846
2929     4.80846
2930     4.80846
2931     4.80846
2932     4.80846
2933     4.80846
2934     4.80846
2935     4.80846
2936     4.80846
2937     4.80846
2938     4.80846
2939     4.80846
2940     4.80846
2941     4.80846
2942     4.80846
2943     4.80846
2944     4.80846
2945     4.80846
2946     4.80846
2947     4.80846
2948     4.80846
2949     4.80846
2950     4.80846
2951     4.80846
2952     4.80846
2953     4.80846
2954     4.80846
2955     4.80846
2956     4.80846
2957     4.80846
2958     4.80846
2959     4.80846
2960     4.80846
2961     4.80846
2962     4.80846
2963     4.80846
2964     4.80846
2965     4.80846
2966     4.80846
2967     4.80846
2968     4.80846
2969     4.80846
2970     4.80846
2971     4.80846
2972     4.80846
2973     4.80846
2974     4.80846
2975     4.80846
2976     4.80846
2977     4.80846
2978     4.80846
2979     4.80846
2980     4.80846
2981     4.80846
2982     4.80846
2983     4.80846
2984     4.80846
2985     4.80846
2986     4.80846
2987     4.80846
2988     4.80846
2989     4.80846
2990     4.80846
2991     4.80846
2992     4.80846
2993     4.80846
2994     4.80846
2995     4.80846
2996     4.80846
2997     4.80846
2998     4.80846
2999     4.80846
