0     14.4912
1     14.4912
2     14.4796
3     14.4796
4     14.2351
5     14.2351
6     14.2172
7     14.2072
8     14.2072
9     14.2072
10     14.0879
11     13.6956
12     13.6254
13     13.6254
14     13.6254
15      13.614
16      13.614
17     13.5817
18     13.5108
19     13.3825
20     13.3825
21     13.3825
22     13.3825
23     13.3825
24     13.3028
25     13.3028
26     13.2307
27     13.2307
28     13.2307
29     13.1893
30     13.1893
31     13.0662
32      12.905
33      12.905
34     12.6981
35     12.6981
36     12.6981
37     12.6981
38     12.6981
39     12.6611
40     12.6611
41     12.6611
42     12.4673
43     12.4673
44     12.4673
45     12.4673
46     12.4673
47     12.4001
48     12.4001
49     12.2512
50     12.2512
51     12.2512
52     12.2512
53      12.184
54     12.0407
55     12.0407
56     12.0407
57     12.0407
58     12.0407
59     12.0374
60     12.0374
61     9.82958
62     9.82958
63     9.82958
64     9.82958
65     9.82958
66     9.82958
67     9.82958
68     9.82958
69     9.82958
70     9.82958
71     9.82958
72     9.82958
73     9.82958
74     9.82958
75     9.82958
76     9.82958
77     9.82958
78     9.82958
79     9.79334
80      9.4226
81      9.4226
82     9.20218
83     9.20218
84     9.20218
85     8.82957
86     8.82957
87     8.82957
88     8.82957
89     8.79448
90     8.79448
91     8.72751
92       8.623
93       8.623
94       8.623
95       8.623
96       8.623
97       8.623
98       8.623
99       8.623
100       8.623
101     8.57079
102     8.57079
103     8.57079
104     8.57079
105     8.57079
106     8.55402
107     8.55402
108     8.55402
109     8.55402
110     8.55402
111     8.55402
112     8.48591
113     8.46773
114     8.46773
115     8.46773
116     8.46773
117     8.46773
118     8.46773
119     8.46773
120     8.40065
121     8.46773
122     8.46773
123     8.25471
124     8.25471
125     8.25471
126     8.25471
127     8.25471
128     8.25471
129     8.25471
130     8.25471
131     8.25471
132     8.25471
133     8.25471
134     8.25471
135     8.25471
136     8.25471
137     8.25471
138     8.25471
139     8.25471
140     8.25471
141     8.25471
142     8.25471
143     8.25471
144     8.25471
145     8.25471
146     8.25471
147     8.25471
148     8.25471
149     8.25471
150     8.25471
151     8.25471
152     8.25471
153     8.09867
154     8.09867
155     8.09867
156     8.09867
157     8.09867
158     8.09867
159     8.09867
160     8.09867
161     8.01646
162     8.01646
163     8.01646
164     8.01646
165     8.01646
166     8.01646
167     8.01646
168     8.01646
169     8.01646
170     8.01646
171     8.01646
172     8.00031
173     8.00031
174     8.00031
175     8.00031
176     8.00031
177     8.00031
178     8.00031
179     8.00031
180     8.00031
181      7.6124
182      7.6124
183      7.6124
184      7.6124
185      7.6124
186      7.6124
187      7.6124
188      7.6124
189      7.6124
190      7.6124
191      7.6124
192      7.6124
193     7.53916
194     7.53916
195     7.53916
196     7.53916
197     7.53916
198     7.53916
199     7.53916
200     7.36982
201     7.36982
202     7.36982
203     7.36982
204     7.36982
205     7.36982
206     7.36982
207     7.36982
208     7.36982
209     7.36982
210     7.36982
211     7.36982
212     7.36982
213     7.36982
214     7.36982
215     7.36982
216     7.36982
217     7.36982
218     7.36982
219     7.36982
220     7.36982
221     7.36982
222     7.36982
223     7.36982
224     7.36982
225     7.36982
226     7.36982
227     7.36982
228     7.36982
229     7.36982
230     7.36982
231     7.36982
232     7.36982
233     7.36982
234     7.36982
235     7.36982
236     7.36982
237     7.36982
238     7.36982
239     7.36982
240     7.36982
241     7.36982
242     7.36982
243     7.36982
244     7.36982
245     7.36982
246     7.36982
247     7.36982
248     7.36982
249     7.36982
250     7.17922
251     7.17922
252     7.17922
253     7.17922
254     7.17922
255     7.14972
256     7.14972
257     7.14972
258     7.14972
259     7.14972
260     6.92855
261     6.92855
262     6.92855
263     6.92855
264     6.92855
265     6.92855
266     6.92855
267     6.92855
268     6.92855
269     6.92855
270     6.92855
271     6.92855
272     6.92855
273     6.92855
274     6.92855
275     6.92855
276     6.92855
277     6.92855
278     6.89412
279     6.89412
280     6.89412
281     6.89412
282     6.89412
283     6.89412
284     6.89412
285     6.89412
286     6.89412
287     6.89412
288     6.89412
289     6.89412
290     6.88738
291     6.88738
292     6.77469
293     6.77469
294     6.77469
295     6.77469
296     6.77469
297     6.77469
298     6.77469
299     6.77469
300     6.77469
301     6.77469
302     6.77469
303     6.77469
304     6.77469
305     6.77469
306     6.77469
307     6.77469
308     6.77469
309     6.77469
310     6.77469
311     6.77469
312     6.60112
313     6.60112
314     6.60112
315     6.60112
316     6.60112
317     6.60112
318     6.60112
319     6.60112
320     6.60112
321     6.60112
322     6.60112
323     6.60112
324     6.60112
325     6.60112
326     6.60112
327     6.60112
328     6.60112
329     6.60112
330     6.60112
331     6.60112
332     6.60112
333     6.60112
334     6.60112
335     6.60112
336     6.60112
337     6.60112
338     6.60112
339     6.60112
340     6.60112
341     6.60112
342     6.60112
343     6.60112
344     6.60112
345     6.60112
346     6.60112
347     6.60112
348     6.60112
349     6.60112
350     6.60112
351     6.60112
352     6.60112
353     6.60112
354     6.60112
355     6.60112
356     6.60112
357     6.60112
358     6.60112
359     6.60112
360     6.60112
361     6.60112
362     6.60112
363     6.60112
364     6.60112
365     6.60112
366     6.60112
367     6.60112
368     6.60112
369     6.60112
370     6.60112
371     6.60112
372     6.42952
373     6.42952
374     6.42952
375     6.42952
376     6.42952
377     6.42952
378     6.42952
379     6.42952
380     6.42952
381     6.42952
382     6.42952
383     6.42952
384     6.42952
385     6.42952
386     6.42952
387     6.37448
388     6.37448
389     6.37448
390     6.37448
391     5.88196
392     5.88196
393     5.88196
394     5.88196
395     5.88196
396     5.88196
397     5.88196
398     5.88196
399     5.88196
400     5.88196
401     5.88196
402     5.88196
403     5.88196
404     5.88196
405     5.88196
406     5.88196
407     5.88196
408     5.88196
409     5.88196
410     5.88196
411     5.88196
412     5.88196
413     5.76253
414     5.76253
415     5.76253
416     5.76253
417     5.76253
418     5.76253
419     5.76253
420     5.76253
421     5.59159
422     5.59159
423     5.59159
424     5.59159
425     5.59159
426     5.59159
427     5.59159
428     5.59159
429     5.59159
430     5.59159
431     5.59159
432     5.59159
433     5.59159
434     5.59159
435     5.59159
436     5.59159
437     5.59159
438     5.59159
439     5.59159
440     5.59159
441     5.59159
442     5.59159
443     5.59159
444     5.59159
445     5.59159
446     5.59159
447     5.59159
448     5.59159
449     5.59159
450     5.59159
451     5.59159
452     5.59159
453     5.59159
454     5.59159
455     5.59159
456     5.59159
457     5.59159
458     5.59159
459     5.59159
460     5.59159
461     5.59159
462     5.59159
463     5.59159
464     5.59159
465     5.59159
466     5.59159
467     5.59159
468     5.59159
469     5.59159
470     5.59159
471     5.59159
472     5.59159
473     5.59159
474     5.59159
475     5.59159
476     5.59159
477     5.59159
478     5.59159
479     5.59159
480     5.59159
481     5.59159
482     5.59159
483     5.46549
484     5.46549
485     5.46549
486     5.46549
487     5.46549
488     5.46549
489     5.46549
490     5.46549
491     5.46549
492     5.46549
493     5.46549
494     5.46549
495     5.46549
496     5.46549
497     5.46549
498     5.46549
499     5.46549
500     5.46549
501     5.46549
502     5.46549
503     5.46549
504     5.46549
505     5.46549
506     5.46549
507     5.46549
508     5.46549
509     5.46549
510     5.46549
511     5.46549
512     5.46549
513     5.46549
514     5.46549
515     5.46549
516     5.46549
517     5.46549
518     5.46549
519     5.36752
520     5.36752
521     5.36752
522     5.36752
523     5.36752
524     5.36752
525     5.36752
526     5.36752
527     5.36752
528     5.36752
529     5.36752
530     5.36752
531     5.36752
532     5.36752
533     5.36752
534     5.36752
535     5.36752
536     5.36752
537     5.36752
538     5.36752
539     5.36752
540     5.36752
541     5.36752
542     5.36752
543     5.36752
544     5.36752
545     5.36752
546     5.36752
547     5.36752
548     5.36752
549     5.36752
550     5.36752
551     5.36752
552     5.36752
553     5.36752
554     5.36752
555     5.36752
556     5.36752
557     5.36752
558     5.36752
559     5.36752
560     5.36752
561     5.36752
562     5.36752
563     5.36752
564     5.36752
565     5.36752
566     5.36752
567     5.36752
568     5.36752
569     5.36752
570     5.36752
571     5.36752
572     5.36752
573     5.36752
574     5.36752
575     5.36752
576     5.36752
577     5.36752
578     5.22578
579     5.22578
580     5.22578
581     5.22578
582     5.22578
583     5.22578
584     5.22578
585     5.22578
586     5.22578
587     5.22578
588     5.22578
589     5.22578
590     5.22578
591     5.22578
592     5.22578
593     5.22578
594     5.22578
595     5.22578
596     5.22578
597     5.22578
598     5.22578
599     5.22578
600     5.22578
601     5.22578
602     5.22578
603     5.22578
604     5.22578
605     5.22578
606     5.22578
607     5.22578
608     5.22578
609     5.22578
610     5.22578
611     5.22578
612     5.22578
613     5.22578
614     5.22578
615     5.22578
616     5.22578
617     5.22578
618     5.22578
619     5.22578
620     5.22578
621     5.22578
622     5.22578
623     5.22578
624     5.22578
625     5.22578
626     5.22578
627     5.22578
628     5.22578
629     5.22578
630     5.22578
631     5.22578
632     5.22578
633     5.22578
634     5.22578
635     5.22578
636     5.22578
637     5.22578
638     5.22578
639     5.22578
640     5.22578
641     5.22578
642     5.22578
643     5.22578
644     5.22578
645     5.22578
646     5.22578
647     5.22578
648     5.22578
649     5.22578
650     5.22578
651     5.22578
652     5.22578
653     5.22578
654     5.22578
655     5.22578
656     5.22578
657     5.22578
658     5.22578
659     5.22578
660     5.22578
661     5.22578
662     5.22578
663     5.22578
664     5.22578
665     5.22578
666     5.22578
667     5.22578
668     5.22578
669     5.22578
670     5.22578
671     5.22578
672     5.22578
673     5.22578
674     5.22578
675     5.22578
676     5.22578
677     5.22578
678     5.22578
679     5.22578
680     5.22578
681     5.22578
682     5.22578
683     5.22578
684     5.22578
685     5.22578
686     5.22578
687     5.22578
688     5.22578
689     5.22578
690     5.22578
691     4.98636
692     4.98636
693     4.98636
694     4.98636
695     4.98636
696     4.98636
697     4.98636
698     4.98636
699     4.98636
700     4.98636
701     4.98636
702     4.98636
703     4.98636
704     4.98636
705     4.98636
706     4.98636
707     4.98636
708     4.98636
709     4.98636
710     4.98636
711     4.98636
712     4.98636
713     4.98636
714     4.98636
715     4.98636
716     4.98636
717     4.98636
718     4.98636
719     4.98636
720     4.98636
721     4.98636
722     4.98636
723     4.98636
724     4.98636
725     4.98636
726     4.98636
727     4.98636
728     4.98636
729     4.98636
730     4.98636
731     4.98636
732     4.98636
733     4.98636
734     4.98636
735     4.98636
736     4.98636
737     4.98636
738     4.98636
739     4.98636
740     4.98636
741     4.98636
742     4.98636
743     4.98636
744     4.98636
745     4.98636
746     4.98636
747     4.98636
748     4.98636
749     4.98636
750     4.98636
751     4.98636
752     4.98636
753     4.98636
754     4.98636
755     4.98636
756     4.98636
757     4.98636
758     4.98636
759     4.98636
760     4.98636
761     4.98636
762     4.98636
763     4.98636
764     4.98636
765     4.98636
766     4.98636
767     4.98636
768     4.98636
769     4.98636
770     4.98636
771     4.98636
772     4.98636
773     4.98636
774     4.98636
775     4.98636
776     4.98636
777     4.98636
778     4.98636
779     4.98636
780     4.98636
781     4.88097
782     4.88097
783     4.88097
784     4.88097
785     4.88097
786     4.88097
787     4.88097
788     4.88097
789     4.88097
790     4.88097
791     4.88097
792     4.88097
793     4.88097
794     4.88097
795     4.88097
796     4.88097
797     4.88097
798     4.88097
799     4.88097
800     4.88097
801     4.88097
802     4.88097
803     4.88097
804     4.88097
805     4.88097
806     4.88097
807     4.88097
808     4.88097
809     4.88097
810     4.88097
811     4.88097
812     4.88097
813     4.88097
814     4.88097
815     4.88097
816     4.88097
817     4.88097
818     4.88097
819     4.88097
820     4.88097
821     4.88097
822     4.88097
823     4.88097
824     4.88097
825     4.88097
826     4.88097
827     4.88097
828     4.88097
829     4.88097
830     4.88097
831     4.88097
832     4.88097
833     4.88097
834     4.88097
835     4.88097
836     4.88097
837     4.88097
838     4.88097
839     4.88097
840     4.88097
841     4.88097
842     4.88097
843     4.88097
844     4.88097
845     4.88097
846     4.88097
847     4.88097
848     4.88097
849     4.88097
850     4.88097
851     4.88097
852     4.88097
853     4.88097
854     4.88097
855     4.88097
856     4.88097
857     4.88097
858     4.88097
859     4.88097
860     4.88097
861     4.88097
862     4.88097
863     4.88097
864     4.88097
865     4.88097
866     4.88097
867     4.88097
868     4.88097
869     4.88097
870     4.88097
871     4.88097
872     4.88097
873     4.84861
874     4.84861
875     4.84861
876     4.84861
877     4.84861
878     4.84861
879     4.84861
880     4.84861
881     4.84861
882     4.84861
883     4.84861
884     4.84861
885     4.84861
886     4.84861
887     4.84861
888     4.84861
889     4.84861
890     4.84861
891     4.84861
892     4.84861
893     4.84861
894     4.84861
895     4.84861
896     4.84861
897     4.84861
898     4.84861
899     4.84861
900     4.84861
901     4.84861
902     4.84861
903     4.84861
904     4.84861
905     4.84861
906     4.84861
907     4.84861
908     4.84861
909     4.84861
910     4.84861
911     4.84861
912     4.84861
913     4.84861
914     4.84861
915     4.84861
916     4.84861
917     4.84861
918     4.84861
919     4.84861
920     4.84861
921     4.84861
922     4.84861
923     4.84861
924     4.84861
925     4.84861
926     4.84861
927     4.84861
928     4.84861
929     4.84861
930     4.84825
931     4.84825
932     4.84825
933     4.84825
934     4.84825
935     4.84825
936     4.84825
937     4.84825
938     4.84825
939     4.84825
940     4.84825
941     4.84825
942     4.84825
943     4.84825
944     4.84825
945     4.84825
946     4.84825
947     4.84825
948     4.81382
949     4.81382
950     4.81382
951     4.81382
952     4.81382
953     4.81382
954     4.81382
955     4.81382
956     4.81382
957     4.81382
958     4.81382
959     4.81382
960     4.81382
961     4.81382
962     4.81382
963     4.81382
964     4.81382
965     4.81382
966     4.81382
967     4.81382
968     4.81382
969     4.81382
970     4.81382
971     4.81382
972     4.81382
973     4.81382
974     4.81382
975     4.81382
976     4.81382
977     4.81382
978     4.81382
979     4.81382
980     4.81382
981     4.81382
982     4.81382
983     4.81382
984     4.81382
985     4.81382
986     4.81382
987     4.81382
988     4.81382
989     4.81382
990     4.81382
991     4.81382
992     4.81382
993     4.81382
994     4.81382
995     4.81382
996     4.81382
997     4.81382
998     4.81382
999     4.81382
1000     4.81382
1001     4.81382
1002     4.81382
1003     4.81382
1004     4.81382
1005     4.81382
1006     4.81382
1007     4.81382
1008     4.81382
1009     4.81382
1010     4.81382
1011     4.81382
1012     4.81382
1013     4.81382
1014     4.81382
1015     4.81382
1016     4.81382
1017     4.81382
1018     4.81382
1019     4.81382
1020     4.81382
1021     4.71425
1022     4.71425
1023     4.71425
1024     4.71425
1025     4.71425
1026     4.71425
1027     4.71425
1028     4.71425
1029     4.71425
1030     4.71425
1031     4.71425
1032     4.71425
1033     4.71425
1034     4.71425
1035     4.71425
1036     4.71425
1037     4.71425
1038     4.71425
1039     4.71425
1040     4.71425
1041     4.71425
1042     4.71425
1043     4.71425
1044     4.71425
1045     4.71425
1046     4.71425
1047     4.71425
1048     4.71425
1049     4.71425
1050     4.71425
1051     4.71425
1052     4.71425
1053     4.71425
1054     4.71425
1055     4.71425
1056     4.71425
1057     4.71425
1058     4.71425
1059     4.71425
1060     4.71425
1061     4.71425
1062     4.71425
1063     4.71425
1064     4.71425
1065     4.71425
1066     4.71425
1067     4.71425
1068     4.71425
1069     4.71425
1070     4.71425
1071     4.71425
1072     4.71425
1073     4.71425
1074     4.71425
1075     4.71425
1076     4.71425
1077     4.71425
1078     4.71425
1079     4.71425
1080     4.71425
1081     4.71425
1082     4.71425
1083     4.71425
1084     4.71425
1085     4.71425
1086     4.71425
1087     4.71425
1088     4.71425
1089     4.71425
1090     4.71425
1091     4.71425
1092     4.71425
1093     4.71425
1094     4.71425
1095     4.71425
1096     4.71425
1097     4.71425
1098     4.71425
1099     4.71425
1100     4.71425
1101     4.71425
1102     4.71425
1103     4.71425
1104     4.71425
1105     4.71425
1106     4.71425
1107     4.71425
1108     4.71425
1109     4.71425
1110     4.71425
1111     4.71425
1112     4.71425
1113     4.71425
1114     4.71425
1115     4.71425
1116     4.71425
1117     4.71425
1118     4.71425
1119     4.71425
1120     4.71425
1121     4.71425
1122     4.71425
1123     4.71425
1124     4.71425
1125     4.71425
1126     4.71425
1127     4.71425
1128     4.71425
1129     4.71425
1130     4.71425
1131     4.71425
1132     4.71425
1133     4.71425
1134     4.71425
1135     4.71425
1136     4.71425
1137     4.71425
1138     4.71425
1139     4.71425
1140     4.71425
1141     4.71425
1142     4.71425
1143     4.71425
1144     4.71425
1145     4.71425
1146     4.71425
1147     4.71425
1148     4.71425
1149     4.71425
1150     4.71425
1151     4.71425
1152     4.71425
1153     4.71425
1154     4.71425
1155     4.71425
1156     4.71425
1157     4.71425
1158     4.71425
1159     4.71425
1160     4.71425
1161     4.71425
1162     4.71425
1163     4.71425
1164     4.71425
1165     4.71425
1166     4.71425
1167     4.71425
1168     4.71425
1169     4.71425
1170     4.71425
1171     4.71425
1172     4.71425
1173     4.71425
1174     4.71425
1175     4.71425
1176     4.71425
1177     4.71425
1178     4.71425
1179     4.71425
1180     4.71425
1181     4.71425
1182     4.71425
1183     4.71425
1184     4.71425
1185     4.71425
1186     4.71425
1187     4.71425
1188     4.71425
1189     4.71425
1190     4.71425
1191     4.71425
1192     4.71425
1193     4.71425
1194     4.71425
1195     4.71425
1196     4.71425
1197     4.71425
1198     4.71425
1199     4.71425
1200     4.71425
1201     4.71425
1202     4.71425
1203     4.71425
1204     4.71425
1205     4.71425
1206     4.71425
1207     4.71425
1208     4.71425
1209     4.71425
1210     4.71425
1211     4.71425
1212     4.71425
1213     4.71425
1214     4.71425
1215     4.71425
1216     4.71425
1217     4.71425
1218     4.71425
1219     4.71425
1220     4.71425
1221     4.71425
1222     4.71425
1223     4.71425
1224     4.71425
1225     4.71425
1226     4.71425
1227     4.71425
1228     4.71425
1229     4.71425
1230     4.71425
1231     4.71425
1232     4.71425
1233     4.71425
1234     4.71425
1235     4.71425
1236     4.71425
1237     4.71425
1238     4.71425
1239     4.71425
1240     4.71425
1241     4.71425
1242     4.71425
1243     4.71425
1244     4.71425
1245     4.71425
1246     4.71425
1247     4.71425
1248     4.71425
1249     4.71425
1250     4.71425
1251     4.71425
1252     4.71425
1253     4.71425
1254     4.71425
1255     4.71425
1256     4.71425
1257     4.71425
1258     4.71425
1259     4.71425
1260     4.71425
1261     4.71425
1262     4.71425
1263     4.71425
1264     4.71425
1265     4.71425
1266     4.71425
1267     4.71425
1268     4.71425
1269     4.71425
1270     4.71425
1271     4.71425
1272     4.71425
1273     4.71425
1274     4.71425
1275     4.71425
1276     4.71425
1277     4.71425
1278     4.71425
1279     4.71425
1280     4.71425
1281     4.71425
1282     4.71425
1283     4.71425
1284     4.71425
1285     4.71425
1286     4.71425
1287     4.71425
1288     4.71425
1289     4.71425
1290     4.71425
1291     4.71425
1292     4.71425
1293     4.71425
1294     4.71425
1295     4.71425
1296     4.71425
1297     4.71425
1298     4.71425
1299     4.71425
1300     4.71425
1301     4.71425
1302     4.71425
1303     4.71425
1304     4.71425
1305     4.71425
1306     4.71425
1307     4.71425
1308     4.71425
1309     4.71425
1310     4.71425
1311     4.71425
1312     4.71425
1313     4.71425
1314     4.71425
1315     4.71425
1316     4.71425
1317     4.71425
1318     4.71425
1319     4.71425
1320     4.71425
1321     4.69098
1322     4.69098
1323     4.69098
1324     4.69098
1325     4.69098
1326     4.69098
1327     4.69098
1328     4.69098
1329     4.69098
1330     4.69098
1331     4.69098
1332     4.69098
1333     4.69098
1334     4.69098
1335     4.69098
1336     4.69098
1337     4.69098
1338     4.69098
1339     4.69098
1340     4.69098
1341     4.69098
1342     4.69098
1343     4.69098
1344     4.69098
1345     4.69098
1346     4.69098
1347     4.69098
1348     4.69098
1349     4.69098
1350     4.69098
1351     4.69098
1352     4.69098
1353     4.69098
1354     4.69098
1355     4.69098
1356     4.69098
1357     4.69098
1358     4.69098
1359     4.69098
1360     4.69098
1361     4.69098
1362     4.69098
1363     4.69098
1364     4.69098
1365     4.69098
1366     4.69098
1367     4.69098
1368     4.69098
1369     4.69098
1370     4.69098
1371     4.69098
1372     4.69098
1373     4.69098
1374     4.69098
1375     4.69098
1376     4.69098
1377     4.69098
1378     4.69098
1379     4.69098
1380     4.69098
1381     4.69098
1382     4.69098
1383     4.69098
1384     4.69098
1385     4.69098
1386     4.69098
1387     4.69098
1388     4.69098
1389     4.69098
1390     4.69098
1391     4.69098
1392     4.69098
1393     4.69098
1394     4.69098
1395     4.69098
1396     4.69098
1397     4.69098
1398     4.69098
1399     4.69098
1400     4.69098
1401     4.69098
1402     4.69098
1403     4.69098
1404     4.69098
1405     4.69098
1406     4.69098
1407     4.69098
1408     4.69098
1409     4.69098
1410     4.69098
1411     4.69098
1412     4.69098
1413     4.69098
1414     4.69098
1415     4.69098
1416     4.69098
1417     4.69098
1418     4.69098
1419     4.69098
1420     4.69098
1421     4.69098
1422     4.69098
1423     4.69098
1424     4.69098
1425     4.69098
1426     4.69098
1427     4.69098
1428     4.69098
1429     4.69098
1430     4.69098
1431     4.69098
1432     4.69098
1433     4.69098
1434     4.69098
1435     4.69098
1436     4.69098
1437     4.69098
1438     4.69098
1439     4.69098
1440     4.69098
1441     4.69098
1442     4.69098
1443     4.69098
1444     4.69098
1445     4.69098
1446     4.69098
1447     4.69098
1448     4.69098
1449     4.69098
1450     4.69098
1451     4.69098
1452     4.69098
1453     4.69098
1454     4.69098
1455     4.69098
1456     4.69098
1457     4.69098
1458     4.69098
1459     4.69098
1460     4.69098
1461     4.69098
1462     4.69098
1463     4.69098
1464     4.69098
1465     4.69098
1466     4.69098
1467     4.69098
1468     4.69098
1469     4.69098
1470     4.69098
1471     4.69098
1472     4.69098
1473     4.69098
1474     4.69098
1475     4.69098
1476     4.69098
1477     4.69098
1478     4.69098
1479     4.69098
1480     4.69098
1481     4.69098
1482     4.69098
1483     4.69098
1484     4.69098
1485     4.69098
1486     4.69098
1487     4.69098
1488     4.69098
1489     4.69098
1490     4.69098
1491     4.69098
1492     4.69098
1493     4.69098
1494     4.69098
1495     4.69098
1496     4.69098
1497     4.69098
1498     4.69098
1499     4.69098
1500     4.69098
1501     4.69098
1502     4.69098
1503     4.69098
1504     4.69098
1505     4.69098
1506     4.69098
1507     4.69098
1508     4.69098
1509     4.69098
1510     4.69098
1511     4.69098
1512     4.69098
1513     4.69098
1514     4.69098
1515     4.69098
1516     4.69098
1517     4.69098
1518     4.69098
1519     4.69098
1520     4.69098
1521     4.69098
1522     4.69098
1523     4.69098
1524     4.69098
1525     4.69098
1526     4.69098
1527     4.69098
1528     4.69098
1529     4.69098
1530     4.69098
1531     4.69098
1532     4.69098
1533     4.69098
1534     4.69098
1535     4.69098
1536     4.69098
1537     4.69098
1538     4.69098
1539     4.69098
1540     4.69098
1541     4.69098
1542     4.69098
1543     4.69098
1544     4.69098
1545     4.69098
1546     4.69098
1547     4.69098
1548     4.69098
1549     4.69098
1550     4.69098
1551     4.69098
1552     4.69098
1553     4.69098
1554     4.69098
1555     4.69098
1556     4.69098
1557     4.69098
1558     4.69098
1559     4.69098
1560     4.69098
1561     4.69098
1562     4.69098
1563     4.69098
1564     4.69098
1565     4.69098
1566     4.69098
1567     4.69098
1568     4.69098
1569     4.69098
1570     4.69098
1571     4.69098
1572     4.69098
1573     4.69098
1574     4.69098
1575     4.69098
1576     4.69098
1577     4.69098
1578     4.69098
1579     4.69098
1580     4.69098
1581     4.69098
1582     4.69098
1583     4.69098
1584     4.69098
1585     4.69098
1586     4.69098
1587     4.69098
1588     4.69098
1589     4.69098
1590     4.69098
1591     4.69098
1592     4.69098
1593     4.69098
1594     4.69098
1595     4.69098
1596     4.69098
1597     4.69098
1598     4.69098
1599     4.69098
1600     4.69098
1601     4.69098
1602     4.69098
1603     4.69098
1604     4.69098
1605     4.69098
1606     4.69098
1607     4.69098
1608     4.69098
1609     4.69098
1610     4.69098
1611     4.69098
1612     4.69098
1613     4.69098
1614     4.69098
1615     4.69098
1616     4.69098
1617     4.69098
1618     4.69098
1619     4.69098
1620     4.69098
1621     4.69098
1622     4.69098
1623     4.69098
1624     4.69098
1625     4.69098
1626     4.69098
1627     4.69098
1628     4.69098
1629     4.69098
1630     4.69098
1631     4.69098
1632     4.69098
1633     4.69098
1634     4.69098
1635     4.69098
1636     4.69098
1637     4.69098
1638     4.69098
1639     4.69098
1640     4.69098
1641     4.69098
1642     4.69098
1643     4.69098
1644     4.69098
1645     4.69098
1646     4.69098
1647     4.69098
1648     4.69098
1649     4.69098
1650     4.69098
1651     4.69098
1652     4.69098
1653     4.69098
1654     4.69098
1655     4.69098
1656     4.69098
1657     4.69098
1658     4.69098
1659     4.69098
1660     4.69098
1661     4.69098
1662     4.69098
1663     4.69098
1664     4.69098
1665     4.69098
1666     4.69098
1667     4.69098
1668     4.69098
1669     4.69098
1670     4.69098
1671     4.69098
1672     4.69098
1673     4.69098
1674     4.69098
1675     4.69098
1676     4.69098
1677     4.69098
1678     4.69098
1679     4.69098
1680     4.69098
1681     4.69098
1682     4.69098
1683     4.69098
1684     4.69098
1685     4.69098
1686     4.69098
1687     4.69098
1688     4.69098
1689     4.69098
1690     4.69098
1691     4.69098
1692     4.69098
1693     4.69098
1694     4.69098
1695     4.69098
1696     4.69098
1697     4.69098
1698     4.69098
1699     4.69098
1700     4.69098
1701     4.69098
1702     4.69098
1703     4.69098
1704     4.69098
1705     4.69098
1706     4.69098
1707     4.69098
1708     4.69098
1709     4.69098
1710     4.69098
1711     4.69098
1712     4.69098
1713     4.69098
1714     4.69098
1715     4.69098
1716     4.69098
1717     4.69098
1718     4.69098
1719     4.69098
1720     4.69098
1721     4.69098
1722     4.69098
1723     4.69098
1724     4.69098
1725     4.69098
1726     4.69098
1727     4.69098
1728     4.69098
1729     4.69098
1730     4.69098
1731     4.69098
1732     4.69098
1733     4.69098
1734     4.69098
1735     4.69098
1736     4.69098
1737     4.69098
1738     4.69098
1739     4.69098
1740     4.69098
1741     4.69098
1742     4.69098
1743     4.69098
1744     4.69098
1745     4.69098
1746     4.69098
1747     4.69098
1748     4.69098
1749     4.69098
1750     4.69098
1751     4.69098
1752     4.69098
1753     4.69098
1754     4.69098
1755     4.69098
1756     4.69098
1757     4.69098
1758     4.69098
1759     4.69098
1760     4.69098
1761     4.69098
1762     4.69098
1763     4.69098
1764     4.69098
1765     4.69098
1766     4.69098
1767     4.69098
1768     4.69098
1769     4.69098
1770     4.69098
1771     4.69098
1772     4.69098
1773     4.69098
1774     4.69098
1775     4.69098
1776     4.69098
1777     4.69098
1778     4.69098
1779     4.69098
1780     4.69098
1781     4.69098
1782     4.69098
1783     4.69098
1784     4.69098
1785     4.69098
1786     4.69098
1787     4.69098
1788     4.69098
1789     4.69098
1790     4.69098
1791     4.69098
1792     4.69098
1793     4.69098
1794     4.69098
1795     4.69098
1796     4.69098
1797     4.69098
1798     4.69098
1799     4.69098
1800     4.69098
1801     4.69098
1802     4.69098
1803     4.69098
1804     4.69098
1805     4.69098
1806     4.69098
1807     4.69098
1808     4.69098
1809     4.69098
1810     4.69098
1811     4.69098
1812     4.69098
1813     4.69098
1814     4.69098
1815     4.69098
1816     4.69098
1817     4.69098
1818     4.69098
1819     4.69098
1820     4.69098
1821     4.69098
1822     4.69098
1823     4.69098
1824     4.69098
1825     4.69098
1826     4.69098
1827     4.69098
1828     4.69098
1829     4.69098
1830     4.69098
1831     4.69098
1832     4.69098
1833     4.69098
1834     4.69098
1835     4.69098
1836     4.69098
1837     4.69098
1838     4.69098
1839     4.69098
1840     4.69098
1841     4.69098
1842     4.69098
1843     4.69098
1844     4.69098
1845     4.69098
1846     4.69098
1847     4.69098
1848     4.69098
1849     4.69098
1850     4.69098
1851     4.69098
1852     4.69098
1853     4.69098
1854     4.69098
1855     4.69098
1856     4.69098
1857     4.69098
1858     4.69098
1859     4.69098
1860     4.69098
1861     4.69098
1862     4.69098
1863     4.69098
1864     4.69098
1865     4.69098
1866     4.69098
1867     4.69098
1868     4.69098
1869     4.69098
1870     4.69098
1871     4.69098
1872     4.69098
1873     4.69098
1874     4.69098
1875     4.69098
1876     4.69098
1877     4.69098
1878     4.69098
1879     4.69098
1880     4.69098
1881     4.69098
1882     4.69098
1883     4.69098
1884     4.69098
1885     4.69098
1886     4.69098
1887     4.69098
1888     4.69098
1889     4.69098
1890     4.69098
1891     4.69098
1892     4.69098
1893     4.69098
1894     4.69098
1895     4.69098
1896     4.69098
1897     4.69098
1898     4.69098
1899     4.69098
1900     4.69098
1901     4.69098
1902     4.69098
1903     4.69098
1904     4.69098
1905     4.69098
1906     4.69098
1907     4.69098
1908     4.69098
1909     4.69098
1910     4.69098
1911     4.69098
1912     4.69098
1913     4.69098
1914     4.69098
1915     4.69098
1916     4.69098
1917     4.69098
1918     4.69098
1919     4.69098
1920     4.69098
1921     4.69098
1922     4.69098
1923     4.69098
1924     4.69098
1925     4.69098
1926     4.69098
1927     4.69098
1928     4.69098
1929     4.69098
1930     4.69098
1931     4.69098
1932     4.69098
1933     4.69098
1934     4.69098
1935     4.69098
1936     4.69098
1937     4.69098
1938     4.69098
1939     4.69098
1940     4.69098
1941     4.69098
1942     4.69098
1943     4.69098
1944     4.69098
1945     4.69098
1946     4.69098
1947     4.69098
1948     4.69098
1949     4.69098
1950     4.69098
1951     4.69098
1952     4.69098
1953     4.69098
1954     4.69098
1955     4.69098
1956     4.69098
1957     4.69098
1958     4.69098
1959     4.69098
1960     4.69098
1961     4.69098
1962     4.69098
1963     4.69098
1964     4.69098
1965     4.69098
1966     4.69098
1967     4.69098
1968     4.69098
1969     4.69098
1970     4.69098
1971     4.69098
1972     4.69098
1973     4.69098
1974     4.69098
1975     4.69098
1976     4.69098
1977     4.69098
1978     4.69098
1979     4.69098
1980     4.69098
1981     4.69098
1982     4.69098
1983     4.69098
1984     4.69098
1985     4.69098
1986     4.69098
1987     4.69098
1988     4.69098
1989     4.69098
1990     4.69098
1991     4.69098
1992     4.69098
1993     4.69098
1994     4.69098
1995     4.69098
1996     4.69098
1997     4.69098
1998     4.69098
1999     4.69098
2000     4.69098
2001     4.69098
2002     4.69098
2003     4.69098
2004     4.69098
2005     4.69098
2006     4.69098
2007     4.69098
2008     4.69098
2009     4.69098
2010     4.69098
2011     4.69098
2012     4.69098
2013     4.69098
2014     4.69098
2015     4.69098
2016     4.69098
2017     4.69098
2018     4.69098
2019     4.69098
2020     4.69098
2021     4.69098
2022     4.69098
2023     4.69098
2024     4.69098
2025     4.69098
2026     4.69098
2027     4.69098
2028     4.69098
2029     4.69098
2030     4.69098
2031     4.69098
2032     4.69098
2033     4.69098
2034     4.69098
2035     4.69098
2036     4.69098
2037     4.69098
2038     4.69098
2039     4.69098
2040     4.69098
2041     4.69098
2042     4.69098
2043     4.69098
2044     4.69098
2045     4.69098
2046     4.69098
2047     4.69098
2048     4.69098
2049     4.69098
2050     4.69098
2051     4.69098
2052     4.69098
2053     4.69098
2054     4.69098
2055     4.69098
2056     4.69098
2057     4.69098
2058     4.69098
2059     4.69098
2060     4.69098
2061     4.69098
2062     4.69098
2063     4.69098
2064     4.69098
2065     4.69098
2066     4.69098
2067     4.69098
2068     4.69098
2069     4.69098
2070     4.69098
2071     4.69098
2072     4.69098
2073     4.69098
2074     4.69098
2075     4.69098
2076     4.69098
2077     4.69098
2078     4.69098
2079     4.69098
2080     4.69098
2081     4.69098
2082     4.69098
2083     4.69098
2084     4.69098
2085     4.69098
2086     4.69098
2087     4.69098
2088     4.69098
2089     4.69098
2090     4.69098
2091     4.69098
2092     4.69098
2093     4.69098
2094     4.69098
2095     4.69098
2096     4.69098
2097     4.69098
2098     4.69098
2099     4.69098
2100     4.69098
2101     4.69098
2102     4.69098
2103     4.69098
2104     4.69098
2105     4.69098
2106     4.69098
2107     4.69098
2108     4.69098
2109     4.69098
2110     4.69098
2111     4.69098
2112     4.69098
2113     4.69098
2114     4.69098
2115     4.69098
2116     4.69098
2117     4.69098
2118     4.69098
2119     4.69098
2120     4.69098
2121     4.69098
2122     4.69098
2123     4.69098
2124     4.69098
2125     4.69098
2126     4.69098
2127     4.69098
2128     4.69098
2129     4.69098
2130     4.69098
2131     4.69098
2132     4.69098
2133     4.69098
2134     4.69098
2135     4.69098
2136     4.69098
2137     4.69098
2138     4.69098
2139     4.69098
2140     4.69098
2141     4.69098
2142     4.69098
2143     4.69098
2144     4.69098
2145     4.69098
2146     4.69098
2147     4.69098
2148     4.69098
2149     4.69098
2150     4.69098
2151     4.69098
2152     4.69098
2153     4.69098
2154     4.69098
2155     4.69098
2156     4.69098
2157     4.69098
2158     4.69098
2159     4.69098
2160     4.69098
2161     4.69098
2162     4.69098
2163     4.69098
2164     4.69098
2165     4.69098
2166     4.69098
2167     4.69098
2168     4.69098
2169     4.69098
2170     4.69098
2171     4.69098
2172     4.69098
2173     4.69098
2174     4.69098
2175     4.69098
2176     4.69098
2177     4.69098
2178     4.69098
2179     4.69098
2180     4.69098
2181     4.69098
2182     4.69098
2183     4.69098
2184     4.69098
2185     4.69098
2186     4.69098
2187     4.69098
2188     4.69098
2189     4.69098
2190     4.69098
2191     4.69098
2192     4.69098
2193     4.69098
2194     4.69098
2195     4.69098
2196     4.69098
2197     4.69098
2198     4.69098
2199     4.69098
2200     4.69098
2201     4.69098
2202     4.69098
2203     4.69098
2204     4.69098
2205     4.69098
2206     4.69098
2207     4.69098
2208     4.69098
2209     4.69098
2210     4.69098
2211     4.69098
2212     4.69098
2213     4.69098
2214     4.69098
2215     4.69098
2216     4.69098
2217     4.69098
2218     4.69098
2219     4.69098
2220     4.69098
2221     4.69098
2222     4.69098
2223     4.69098
2224     4.69098
2225     4.69098
2226     4.69098
2227     4.69098
2228     4.69098
2229     4.69098
2230     4.69098
2231     4.69098
2232     4.69098
2233     4.69098
2234     4.69098
2235     4.69098
2236     4.69098
2237     4.69098
2238     4.69098
2239     4.69098
2240     4.69098
2241     4.69098
2242     4.69098
2243     4.69098
2244     4.69098
2245     4.69098
2246     4.69098
2247     4.69098
2248     4.69098
2249     4.69098
2250     4.69098
2251     4.69098
2252     4.69098
2253     4.69098
2254     4.69098
2255     4.69098
2256     4.69098
2257     4.69098
2258     4.69098
2259     4.69098
2260     4.69098
2261     4.69098
2262     4.69098
2263     4.69098
2264     4.69098
2265     4.69098
2266     4.69098
2267     4.69098
2268     4.69098
2269     4.69098
2270     4.69098
2271     4.69098
2272     4.69098
2273     4.69098
2274     4.69098
2275     4.69098
2276     4.69098
2277     4.69098
2278     4.69098
2279     4.69098
2280     4.69098
2281     4.69098
2282     4.69098
2283     4.69098
2284     4.69098
2285     4.69098
2286     4.69098
2287     4.69098
2288     4.69098
2289     4.69098
2290     4.69098
2291     4.69098
2292     4.69098
2293     4.69098
2294     4.69098
2295     4.69098
2296     4.69098
2297     4.69098
2298     4.69098
2299     4.69098
2300     4.69098
2301     4.69098
2302     4.69098
2303     4.69098
2304     4.69098
2305     4.69098
2306     4.69098
2307     4.69098
2308     4.69098
2309     4.69098
2310     4.69098
2311     4.69098
2312     4.69098
2313     4.69098
2314     4.69098
2315     4.69098
2316     4.69098
2317     4.69098
2318     4.69098
2319     4.69098
2320     4.69098
2321     4.69098
2322     4.69098
2323     4.69098
2324     4.69098
2325     4.69098
2326     4.69098
2327     4.69098
2328     4.69098
2329     4.69098
2330     4.69098
2331     4.69098
2332     4.69098
2333     4.69098
2334     4.69098
2335     4.69098
2336     4.69098
2337     4.69098
2338     4.69098
2339     4.69098
2340     4.69098
2341     4.69098
2342     4.69098
2343     4.69098
2344     4.69098
2345     4.69098
2346     4.69098
2347     4.69098
2348     4.69098
2349     4.69098
2350     4.69098
2351     4.69098
2352     4.69098
2353     4.69098
2354     4.69098
2355     4.69098
2356     4.69098
2357     4.69098
2358     4.69098
2359     4.69098
2360     4.69098
2361     4.69098
2362     4.69098
2363     4.69098
2364     4.69098
2365     4.69098
2366     4.69098
2367     4.69098
2368     4.69098
2369     4.69098
2370     4.69098
2371     4.69098
2372     4.69098
2373     4.69098
2374     4.69098
2375     4.69098
2376     4.69098
2377     4.69098
2378     4.69098
2379     4.69098
2380     4.69098
2381     4.69098
2382     4.69098
2383     4.69098
2384     4.69098
2385     4.69098
2386     4.69098
2387     4.69098
2388     4.69098
2389     4.69098
2390     4.69098
2391     4.69098
2392     4.69098
2393     4.69098
2394     4.69098
2395     4.69098
2396     4.69098
2397     4.69098
2398     4.69098
2399     4.69098
2400     4.69098
2401     4.69098
2402     4.69098
2403     4.69098
2404     4.69098
2405     4.69098
2406     4.69098
2407     4.69098
2408     4.69098
2409     4.69098
2410     4.69098
2411     4.69098
2412     4.69098
2413     4.69098
2414     4.69098
2415     4.69098
2416     4.69098
2417     4.69098
2418     4.69098
2419     4.69098
2420     4.69098
2421     4.69098
2422     4.69098
2423     4.69098
2424     4.69098
2425     4.69098
2426     4.69098
2427     4.69098
2428     4.69098
2429     4.69098
2430     4.69098
2431     4.69098
2432     4.69098
2433     4.69098
2434     4.69098
2435     4.69098
2436     4.69098
2437     4.69098
2438     4.69098
2439     4.69098
2440     4.69098
2441     4.69098
2442     4.69098
2443     4.69098
2444     4.69098
2445     4.69098
2446     4.69098
2447     4.69098
2448     4.69098
2449     4.69098
2450     4.69098
2451     4.69098
2452     4.69098
2453     4.69098
2454     4.69098
2455     4.69098
2456     4.69098
2457     4.69098
2458     4.69098
2459     4.69098
2460     4.69098
2461     4.69098
2462     4.69098
2463     4.69098
2464     4.69098
2465     4.69098
2466     4.69098
2467     4.69098
2468     4.69098
2469     4.69098
2470     4.69098
2471     4.69098
2472     4.69098
2473     4.69098
2474     4.69098
2475     4.69098
2476     4.69098
2477     4.69098
2478     4.69098
2479     4.69098
2480     4.69098
2481     4.69098
2482     4.69098
2483     4.69098
2484     4.69098
2485     4.69098
2486     4.69098
2487     4.69098
2488     4.69098
2489     4.69098
2490     4.69098
2491     4.69098
2492     4.69098
2493     4.69098
2494     4.69098
2495     4.69098
2496     4.69098
2497     4.69098
2498     4.69098
2499     4.69098
2500     4.69098
2501     4.69098
2502     4.69098
2503     4.69098
2504     4.69098
2505     4.69098
2506     4.69098
2507     4.69098
2508     4.69098
2509     4.69098
2510     4.69098
2511     4.69098
2512     4.69098
2513     4.69098
2514     4.69098
2515     4.69098
2516     4.69098
2517     4.69098
2518     4.69098
2519     4.69098
2520     4.69098
2521     4.69098
2522     4.69098
2523     4.69098
2524     4.69098
2525     4.69098
2526     4.69098
2527     4.69098
2528     4.69098
2529     4.69098
2530     4.69098
2531     4.69098
2532     4.69098
2533     4.69098
2534     4.69098
2535     4.69098
2536     4.69098
2537     4.69098
2538     4.69098
2539     4.69098
2540     4.69098
2541     4.69098
2542     4.69098
2543     4.69098
2544     4.69098
2545     4.69098
2546     4.69098
2547     4.69098
2548     4.69098
2549     4.69098
2550     4.69098
2551     4.69098
2552     4.69098
2553     4.69098
2554     4.69098
2555     4.69098
2556     4.69098
2557     4.69098
2558     4.69098
2559     4.69098
2560     4.69098
2561     4.69098
2562     4.69098
2563     4.69098
2564     4.69098
2565     4.69098
2566     4.69098
2567     4.69098
2568     4.69098
2569     4.69098
2570     4.69098
2571     4.69098
2572     4.69098
2573     4.69098
2574     4.69098
2575     4.69098
2576     4.69098
2577     4.69098
2578     4.69098
2579     4.69098
2580     4.69098
2581     4.69098
2582     4.69098
2583     4.69098
2584     4.69098
2585     4.69098
2586     4.69098
2587     4.69098
2588     4.69098
2589     4.69098
2590     4.69098
2591     4.69098
2592     4.69098
2593     4.69098
2594     4.69098
2595     4.69098
2596     4.69098
2597     4.69098
2598     4.69098
2599     4.69098
2600     4.69098
2601     4.69098
2602     4.69098
2603     4.69098
2604     4.69098
2605     4.69098
2606     4.69098
2607     4.69098
2608     4.69098
2609     4.69098
2610     4.69098
2611     4.69098
2612     4.69098
2613     4.69098
2614     4.69098
2615     4.69098
2616     4.69098
2617     4.69098
2618     4.69098
2619     4.69098
2620     4.69098
2621     4.69098
2622     4.69098
2623     4.69098
2624     4.69098
2625     4.69098
2626     4.69098
2627     4.69098
2628     4.69098
2629     4.69098
2630     4.69098
2631     4.69098
2632     4.69098
2633     4.69098
2634     4.69098
2635     4.69098
2636     4.69098
2637     4.69098
2638     4.69098
2639     4.69098
2640     4.69098
2641     4.69098
2642     4.69098
2643     4.69098
2644     4.69098
2645     4.69098
2646     4.69098
2647     4.69098
2648     4.69098
2649     4.69098
2650     4.69098
2651     4.69098
2652     4.69098
2653     4.69098
2654     4.69098
2655     4.69098
2656     4.69098
2657     4.69098
2658     4.69098
2659     4.69098
2660     4.69098
2661     4.69098
2662     4.69098
2663     4.69098
2664     4.69098
2665     4.69098
2666     4.69098
2667     4.69098
2668     4.69098
2669     4.69098
2670     4.69098
2671     4.69098
2672     4.69098
2673     4.69098
2674     4.69098
2675     4.69098
2676     4.69098
2677     4.69098
2678     4.69098
2679     4.69098
2680     4.69098
2681     4.69098
2682     4.69098
2683     4.69098
2684     4.69098
2685     4.69098
2686     4.69098
2687     4.69098
2688     4.69098
2689     4.69098
2690     4.69098
2691     4.69098
2692     4.69098
2693     4.69098
2694     4.69098
2695     4.69098
2696     4.69098
2697     4.69098
2698     4.69098
2699     4.69098
2700     4.69098
2701     4.69098
2702     4.69098
2703     4.69098
2704     4.69098
2705     4.69098
2706     4.69098
2707     4.69098
2708     4.69098
2709     4.69098
2710     4.69098
2711     4.69098
2712     4.69098
2713     4.69098
2714     4.69098
2715     4.69098
2716     4.69098
2717     4.69098
2718     4.69098
2719     4.69098
2720     4.69098
2721     4.69098
2722     4.69098
2723     4.69098
2724     4.69098
2725     4.69098
2726     4.69098
2727     4.69098
2728     4.69098
2729     4.69098
2730     4.69098
2731     4.69098
2732     4.69098
2733     4.69098
2734     4.69098
2735     4.69098
2736     4.69098
2737     4.69098
2738     4.69098
2739     4.69098
2740     4.69098
2741     4.69098
2742     4.69098
2743     4.69098
2744     4.69098
2745     4.69098
2746     4.69098
2747     4.69098
2748     4.69098
2749     4.69098
2750     4.69098
2751     4.69098
2752     4.69098
2753     4.69098
2754     4.69098
2755     4.69098
2756     4.69098
2757     4.69098
2758     4.69098
2759     4.69098
2760     4.69098
2761     4.69098
2762     4.69098
2763     4.69098
2764     4.69098
2765     4.69098
2766     4.69098
2767     4.69098
2768     4.69098
2769     4.69098
2770     4.69098
2771     4.69098
2772     4.69098
2773     4.69098
2774     4.69098
2775     4.69098
2776     4.69098
2777     4.69098
2778     4.69098
2779     4.69098
2780     4.69098
2781     4.69098
2782     4.69098
2783     4.69098
2784     4.69098
2785     4.69098
2786     4.69098
2787     4.69098
2788     4.69098
2789     4.69098
2790     4.69098
2791     4.69098
2792     4.69098
2793     4.69098
2794     4.69098
2795     4.69098
2796     4.69098
2797     4.69098
2798     4.69098
2799     4.69098
2800     4.69098
2801     4.69098
2802     4.69098
2803     4.69098
2804     4.69098
2805     4.69098
2806     4.69098
2807     4.69098
2808     4.69098
2809     4.69098
2810     4.69098
2811     4.69098
2812     4.69098
2813     4.69098
2814     4.69098
2815     4.69098
2816     4.69098
2817     4.69098
2818     4.69098
2819     4.69098
2820     4.69098
2821     4.69098
2822     4.69098
2823     4.69098
2824     4.69098
2825     4.69098
2826     4.69098
2827     4.69098
2828     4.69098
2829     4.69098
2830     4.69098
2831     4.69098
2832     4.69098
2833     4.69098
2834     4.69098
2835     4.69098
2836     4.69098
2837     4.69098
2838     4.69098
2839     4.69098
2840     4.69098
2841     4.69098
2842     4.69098
2843     4.69098
2844     4.69098
2845     4.69098
2846     4.69098
2847     4.69098
2848     4.69098
2849     4.69098
2850     4.69098
2851     4.69098
2852     4.69098
2853     4.69098
2854     4.69098
2855     4.69098
2856     4.69098
2857     4.69098
2858     4.69098
2859     4.69098
2860     4.69098
2861     4.69098
2862     4.69098
2863     4.69098
2864     4.69098
2865     4.69098
2866     4.69098
2867     4.69098
2868     4.69098
2869     4.69098
2870     4.69098
2871     4.69098
2872     4.69098
2873     4.69098
2874     4.69098
2875     4.69098
2876     4.69098
2877     4.69098
2878     4.69098
2879     4.69098
2880     4.69098
2881     4.69098
2882     4.69098
2883     4.69098
2884     4.69098
2885     4.69098
2886     4.69098
2887     4.69098
2888     4.69098
2889     4.69098
2890     4.69098
2891     4.69098
2892     4.69098
2893     4.69098
2894     4.69098
2895     4.69098
2896     4.69098
2897     4.69098
2898     4.69098
2899     4.69098
2900     4.69098
2901     4.69098
2902     4.69098
2903     4.69098
2904     4.69098
2905     4.69098
2906     4.69098
2907     4.69098
2908     4.69098
2909     4.69098
2910     4.69098
2911     4.69098
2912     4.69098
2913     4.69098
2914     4.69098
2915     4.69098
2916     4.69098
2917     4.69098
2918     4.69098
2919     4.69098
2920     4.69098
2921     4.69098
2922     4.69098
2923     4.69098
2924     4.69098
2925     4.69098
2926     4.69098
2927     4.69098
2928     4.69098
2929     4.69098
2930     4.69098
2931     4.69098
2932     4.69098
2933     4.69098
2934     4.69098
2935     4.69098
2936     4.69098
2937     4.69098
2938     4.69098
2939     4.69098
2940     4.69098
2941     4.69098
2942     4.69098
2943     4.69098
2944     4.69098
2945     4.69098
2946     4.69098
2947     4.69098
2948     4.69098
2949     4.69098
2950     4.69098
2951     4.69098
2952     4.69098
2953     4.69098
2954     4.69098
2955     4.69098
2956     4.69098
2957     4.69098
2958     4.69098
2959     4.69098
2960     4.69098
2961     4.69098
2962     4.69098
2963     4.69098
2964     4.69098
2965     4.69098
2966     4.69098
2967     4.69098
2968     4.69098
2969     4.69098
2970     4.69098
2971     4.69098
2972     4.69098
2973     4.69098
2974     4.69098
2975     4.69098
2976     4.69098
2977     4.69098
2978     4.69098
2979     4.69098
2980     4.69098
2981     4.69098
2982     4.69098
2983     4.69098
2984     4.69098
2985     4.69098
2986     4.69098
2987     4.69098
2988     4.69098
2989     4.69098
2990     4.69098
2991     4.69098
2992     4.69098
2993     4.69098
2994     4.69098
2995     4.69098
2996     4.69098
2997     4.69098
2998     4.69098
2999     4.69098
