           1   -0.414495   -0.414495           0
           2   -0.410976   -0.412736  0.00175943
           3   -0.409606   -0.411692  0.00145621
           4   -0.407254   -0.410583  0.00151383
           5   -0.416779   -0.411822  0.00170612
           6   -0.407288   -0.411066  0.00158483
           7   -0.415957   -0.411765  0.00151073
           8   -0.413998   -0.412044  0.00133778
           9   -0.411516   -0.411985  0.00118127
          10   -0.411327    -0.41192   0.0010586
          11   -0.416686   -0.412353  0.00105101
          12   -0.419178   -0.412922  0.00111537
          13    -0.41128   -0.412795  0.00103373
          14   -0.413698    -0.41286 0.000959216
          15   -0.412382   -0.412828 0.000893549
          16   -0.410855   -0.412705 0.000844884
          17   -0.410113   -0.412552 0.000808136
          18   -0.412544   -0.412552 0.000761918
          19   -0.417699   -0.412823 0.000769943
          20   -0.418167    -0.41309  0.00077778
          21   -0.414501   -0.413157 0.000742861
          22   -0.413189   -0.413159 0.000708292
          23   -0.415411   -0.413257 0.000683847
          24   -0.414616   -0.413313  0.00065718
          25   -0.412971     -0.4133 0.000630494
          26   -0.418023   -0.413481  0.00063241
          27   -0.417586   -0.413633 0.000627242
          28   -0.417254   -0.413763 0.000618101
          29   -0.411479   -0.413684 0.000601583
          30   -0.414814   -0.413721 0.000582403
          31    -0.41674   -0.413819 0.000571658
          32   -0.413501   -0.413809 0.000553594
          33   -0.413399   -0.413797   0.0005367
          34   -0.413194   -0.413779 0.000520977
          35   -0.410743   -0.413692 0.000513255
          36    -0.42118     -0.4139 0.000540425
          37    -0.41732   -0.413992  0.00053368
          38   -0.408736   -0.413854 0.000537552
          39   -0.421841   -0.414059 0.000562211
          40   -0.409465   -0.413944 0.000559881
          41   -0.411167   -0.413876 0.000550239
          42   -0.413846   -0.413876 0.000536978
          43   -0.409971   -0.413785 0.000532146
          44   -0.411128   -0.413724 0.000523407
          45   -0.415991   -0.413775 0.000514116
          46    -0.41737   -0.413853 0.000508854
          47   -0.412511   -0.413824 0.000498728
          48   -0.412205   -0.413791 0.000489392
          49   -0.412852   -0.413772 0.000479683
          50   -0.420156   -0.413899 0.000487027
