          50   0.0323165           0           0
          50   0.0969496           0           0
          50    0.161583           0           0
          50    0.226216           0           0
          50    0.290849           0           0
          50    0.355482           0           0
          50    0.420115           0           0
          50    0.484748           0           0
          50    0.549381           0           0
          50    0.614014           0           0
          50    0.678647           0           0
          50     0.74328           0           0
          50    0.807913           0           0
          50    0.872546  0.00100579  0.00011905
          50    0.937179    0.146105  0.00154805
          50     1.00181     1.06339   0.0041536
          50     1.06645     2.03014  0.00848167
          50     1.13108     2.27343  0.00614308
          50     1.19571     2.08286  0.00635564
          50     1.26034      1.8311  0.00498257
          50     1.32498     1.62181  0.00460651
          50     1.38961     1.44976  0.00409286
          50     1.45424     1.33287  0.00343609
          50     1.51888     1.24751  0.00323805
          50     1.58351      1.1851  0.00343386
          50     1.64814     1.14162  0.00309639
          50     1.71278     1.10965  0.00274394
          50     1.77741     1.08825  0.00273783
          50     1.84204     1.07637  0.00260781
          50     1.90667     1.06492  0.00198035
          50     1.97131     1.06107  0.00250919
          50     2.03594     1.05796  0.00189493
          50     2.10057     1.05137  0.00213069
          50     2.16521     1.05426  0.00192682
          50     2.22984     1.04688  0.00199364
          50     2.29447     1.04216  0.00213539
          50     2.35911     1.03778   0.0017618
          50     2.42374     1.02572  0.00180355
          50     2.48837     1.02434  0.00172951
          50     2.55301     1.02224  0.00175255
          50     2.61764     1.01571  0.00168951
          50     2.68227     1.00994  0.00159894
          50      2.7469     1.00787  0.00161739
          50     2.81154     1.00653  0.00189784
          50     2.87617     1.00627  0.00156822
          50      2.9408     1.00268    0.001591
          50     3.00544     1.00009  0.00156814
          50     3.07007     1.00127  0.00137433
          50      3.1347    0.998361  0.00149449
          50     3.19934    0.997645  0.00144387
          50     3.26397    0.995321  0.00135622
          50      3.3286     0.99561  0.00152039
          50     3.39323    0.992849  0.00128866
          50     3.45787    0.993112  0.00137434
          50      3.5225     0.99173  0.00132644
          50     3.58713    0.994367  0.00131917
          50     3.65177    0.992482  0.00124106
          50      3.7164    0.990212  0.00128809
          50     3.78103    0.990795  0.00115599
          50     3.84567    0.992454  0.00131985
          50      3.9103    0.989483   0.0012104
          50     3.97493    0.990055  0.00105077
          50     4.03957    0.990158 0.000940293
          50      4.1042    0.989786  0.00103218
          50     4.16883    0.988754 0.000989259
          50     4.23346    0.988047 0.000925315
          50      4.2981    0.988548 0.000968268
          50     4.36273    0.988604 0.000907856
          50     4.42736    0.987946 0.000975861
          50       4.492    0.988154  0.00104298
          50     4.55663    0.988717 0.000840822
          50     4.62126    0.987287 0.000925716
          50      4.6859    0.986601 0.000936344
          50     4.75053    0.987004  0.00088221
          50     4.81516      0.9872 0.000848209
          50     4.87979    0.987897 0.000803471
          50     4.94443    0.985496 0.000772603
          50     5.00906    0.987293 0.000759414
          50     5.07369    0.986533 0.000932633
          50     5.13833    0.985989 0.000847447
          50     5.20296    0.986247 0.000972177
          50     5.26759    0.986851 0.000873811
          50     5.33223    0.986179 0.000693362
          50     5.39686    0.985775 0.000688186
          50     5.46149    0.987528 0.000748548
          50     5.52612    0.987744 0.000679066
          50     5.59076    0.986362 0.000677561
          50     5.65539     0.98632 0.000689731
          50     5.72002     0.98625 0.000601634
          50     5.78466    0.985988 0.000757295
          50     5.84929     0.98598  0.00076001
          50     5.91392     0.98589 0.000771525
          50     5.97856     0.98669 0.000674954
          50     6.04319    0.987622  0.00065317
          50     6.10782    0.985683 0.000684065
          50     6.17246    0.986184 0.000645161
          50     6.23709    0.986082 0.000678303
          50     6.30172    0.986946  0.00073052
          50     6.36635    0.985809 0.000645077
          50     6.43099    0.987293 0.000570861
