           1   0.0495194   0.0495194           0
           2   0.0494401   0.0494797 3.96702e-05
           3   0.0488407   0.0492667 0.000214241
           4   0.0487375   0.0491344 0.000201138
           5   0.0490422    0.049116 0.000156888
           6   0.0492491   0.0491382 0.000130008
           7   0.0483895   0.0490312 0.000153337
           8   0.0494144   0.0490791  0.00014117
           9   0.0492147   0.0490942 0.000125409
          10   0.0491638   0.0491011 0.000112385
          11   0.0489976   0.0490917 0.000102091
          12   0.0490734   0.0490902 9.32083e-05
          13    0.048828     0.04907 8.80796e-05
          14   0.0491395    0.049075 8.16967e-05
          15   0.0492815   0.0490888 7.72917e-05
          16   0.0484279   0.0490474 8.32664e-05
          17   0.0488979   0.0490387 7.87081e-05
          18   0.0489847   0.0490357 7.42673e-05
          19   0.0488446   0.0490256 7.09661e-05
          20   0.0486041   0.0490045 7.05462e-05
          21   0.0493289     0.04902 6.88578e-05
          22   0.0485252   0.0489975 6.93977e-05
          23   0.0491396   0.0490037 6.65989e-05
          24   0.0482796   0.0489735 7.05409e-05
          25   0.0493458   0.0489884 6.92804e-05
          26   0.0491103   0.0489931 6.67274e-05
          27   0.0485185   0.0489755 6.65708e-05
          28   0.0482108   0.0489482 6.97209e-05
          29   0.0492086   0.0489572 6.78703e-05
          30   0.0491545   0.0489637 6.58982e-05
          31   0.0487349   0.0489564 6.41632e-05
          32   0.0485469   0.0489436 6.34301e-05
          33   0.0488361   0.0489403 6.15641e-05
          34   0.0491637   0.0489469 6.00863e-05
          35    0.048986    0.048948 5.83551e-05
          36   0.0491316   0.0489531 5.69398e-05
          37   0.0498075   0.0489762 6.00011e-05
          38   0.0485867   0.0489659 5.92932e-05
          39   0.0488277   0.0489624 5.78616e-05
          40   0.0491108   0.0489661 5.65185e-05
          41   0.0487502   0.0489608 5.53737e-05
          42   0.0493738   0.0489707 5.49265e-05
          43   0.0491879   0.0489757 5.38712e-05
          44   0.0497761   0.0489939 5.56871e-05
          45   0.0492729   0.0490001 5.47875e-05
          46   0.0485179   0.0489896 5.45991e-05
          47   0.0491932    0.048994 5.36001e-05
          48   0.0487199   0.0489882 5.27813e-05
          49   0.0493819   0.0489963 5.23134e-05
          50   0.0490276   0.0489969 5.12603e-05
